# NaN NaN NaN ;Mean Elev.(m), Avg Gradient(m/km), RMS Gradient(m/km) - SRTM1     
#   -7.748  -3.133   6.278 ;Mean Elev.(m), Avg Gradient(m/km), RMS Gradient(m/km) - ASTER GDEM
#   29.967  -2.143   4.501 ;Mean Elev.(m), Avg Gradient(m/km), RMS Gradient(m/km) - GMTED2010 
  8    10.268 52493.71777546 43.93  52.226788  65.771893 19.724
  8    10.095 52493.71777933 50.45  52.207929  65.790446 28.140
  8    10.175 52493.71777997 51.48  52.204779  65.793536 28.140
  8    10.280 52493.71778061 46.91  52.201629  65.796626 28.140
  9    12.546 52528.71775682 46.90  52.205500  65.768060 32.992
  9    12.391 52528.71775746 36.74  52.202360  65.771160 32.992
  9    12.466 52528.71775811 42.52  52.199210  65.774250 32.992
  9    12.445 52528.71775875 45.54  52.196070  65.777340 32.992
  9    12.362 52528.71775940 42.02  52.192920  65.780430 32.992
 10    10.032 52563.71778931 41.43  52.216949  65.769891 25.474
 10    14.346 52563.71779253 23.56  52.201229  65.785351 25.474
 10    14.795 52563.71779317 26.14  52.198079  65.788441 25.474
 11    11.372 52598.71781210 24.70  52.218436  65.768496 10.359
 11    11.468 52598.71781274 25.65  52.215296  65.771586 10.359
 11    11.512 52598.71781532 32.90  52.202726  65.783956 10.359
 11    11.443 52598.71781596 40.78  52.199586  65.787046 10.359
 12    11.143 52633.71776186 19.17  52.212280  65.765972  5.299
 12    10.513 52633.71776250 20.98  52.209140  65.769062  5.299
 12    13.582 52633.71776444 20.25  52.199710  65.778342  5.299
 12    13.595 52633.71776508 21.35  52.196570  65.781432  5.299
 13    12.581 52668.71777610 16.48  52.219773  65.768276  3.845
 13    11.500 52668.71777675 17.18  52.216633  65.771366  3.845
 13    13.338 52668.71777997 18.22  52.200913  65.786826  3.845
 13    13.330 52668.71778062 18.59  52.197773  65.789926  3.845
 14    12.438 52703.71775670 13.89  52.217687  65.766330  5.300
 14    13.261 52703.71775734 14.56  52.214547  65.769420  5.300
 14    12.854 52703.71775992 16.16  52.201967  65.781790  5.300
 14    13.021 52703.71776056 16.57  52.198817  65.784880  5.300
 15    15.296 52738.71779539  8.14  52.224458  65.770140  1.953
 15    15.242 52738.71779926  8.55  52.205603  65.788696  2.739
 15    15.361 52738.71779991  8.57  52.202453  65.791786  2.739
 16    14.787 52773.71774891 48.89  52.235135  65.771999 39.471
 16    14.793 52773.71774955 41.34  52.231995  65.775089 39.471
 16    14.785 52773.71775342 41.18  52.213135  65.793649 39.471
 16    14.643 52773.71775406 40.83  52.209995  65.796739 39.471
 16    14.786 52773.71775471 40.57  52.206845  65.799829 39.471
 17    14.714 52808.71781796 51.14  52.207346  65.767274 37.588
 17    14.694 52808.71781861 52.59  52.204196  65.770364 37.588
 17    14.713 52808.71781989 51.84  52.197906  65.776554 37.588
 17    14.760 52808.71782054 50.49  52.194766  65.779644 37.588
 18    10.167 52843.71787475 41.76  52.212535  65.765409 31.178
 18    11.400 52843.71787540 28.75  52.209395  65.768499 31.178
 18    11.429 52843.71787604 30.11  52.206255  65.771599 31.178
 18    10.147 52843.71787733 28.16  52.199965  65.777779 31.178
 18    15.003 52843.71787797 23.15  52.196815  65.780869 31.178
 18    15.114 52843.71787862 38.60  52.193675  65.783959 31.178
 19    10.144 52878.71791284 32.39  52.217139  65.766076 24.585
 19    10.308 52878.71791349 30.19  52.213999  65.769166 24.585
 19    14.640 52878.71791607 18.26  52.201429  65.781536 24.585
 19    14.446 52878.71791671 21.46  52.198279  65.784626 24.585
 20    11.849 52913.71787176 25.09  52.231859  65.773463 23.280
 20    11.639 52913.71787562 27.83  52.212999  65.792023 23.280
 20    15.138 52913.71787627 21.41  52.209859  65.795113 23.280
 20    15.623 52913.71787691 18.58  52.206709  65.798203 23.280
 20    13.716 52913.71787756 21.79  52.203569  65.801303 23.280
 21     9.290 52948.71782952 37.80  52.209653  65.767094 25.221
 21     9.343 52948.71783017 34.07  52.206513  65.770184 25.221
 21     9.239 52948.71783146 38.92  52.200223  65.776364 25.221
 21     9.398 52948.71783210 42.27  52.197073  65.779454 25.221
 21     9.322 52948.71783275 49.89  52.193923  65.782554 25.221
 23    13.509 53018.71785295 12.15  52.227432  65.770534  3.007
 23    12.773 53018.71785360 13.06  52.224292  65.773624  3.007
 23    14.908 53018.71785682 12.66  52.208582  65.789084  3.007
 23    15.156 53018.71785746 12.48  52.205432  65.792184  3.007
 23    15.370 53018.71785811 13.03  52.202292  65.795274  3.007
 24    13.574 53053.71783548 13.52  52.217620  65.765639  3.135
 24    12.981 53053.71783612 13.90  52.214480  65.768729  3.135
 24    13.273 53053.71783677 13.68  52.211330  65.771819  3.135
 24    14.687 53053.71783934 13.75  52.198750  65.784189  3.135
 25    14.244 53088.71787312 10.33  52.222347  65.769344  2.230
 25    14.183 53088.71787377 11.03  52.219207  65.772434  2.230
 25    14.912 53088.71787699 11.21  52.203497  65.787904  2.230
 25    15.304 53088.71787764 10.74  52.200347  65.790994  2.230
 26     9.727 53123.71784322 11.11  52.213662  65.767023  8.530
 26     9.561 53123.71784387 12.48  52.210522  65.770113  8.530
 26    13.770 53123.71784580 10.66  52.201092  65.779393  8.530
 26    14.182 53123.71784645 11.74  52.197942  65.782483  8.530
 27    17.033 53158.71790158 27.83  52.211719  65.766536 13.250
 27    17.106 53158.71790223 28.52  52.208579  65.769626 13.250
 27    17.839 53158.71790416 31.85  52.199149  65.778906 13.250
 27    18.141 53158.71790481 30.25  52.196009  65.781996 13.250
 28    12.997 53193.71789604 40.69  52.225214  65.768587 26.057
 28    12.826 53193.71789669 32.52  52.222074  65.771677 26.057
 28    12.045 53193.71789991 25.30  52.206354  65.787147 26.057
 28    15.109 53193.71790056 20.35  52.203214  65.790237 26.057
 28    16.310 53193.71790120 27.65  52.200064  65.793327 26.057
 29     9.044 53228.71789067 37.96  52.226199  65.770640 33.377
 29     8.778 53228.71789453 49.75  52.207339  65.789190 33.377
 29     8.771 53228.71789518 50.92  52.204199  65.792290 33.377
 29     9.682 53228.71789582 40.50  52.201049  65.795380 33.377
 30     9.915 53263.71786290 30.29  52.229956  65.771545 31.038
 30     9.848 53263.71786354 41.46  52.226816  65.774635 31.038
 30     9.831 53263.71786676 49.62  52.211106  65.790105 31.038
 30     9.863 53263.71786741 51.68  52.207956  65.793195 31.038
 30     9.680 53263.71786805 52.13  52.204816  65.796285 31.038
 31    10.547 53298.71790464 38.10  52.206286  65.766195 35.104
 31    10.713 53298.71790528 37.97  52.203146  65.769285 35.104
 31    10.683 53298.71790657 49.68  52.196866  65.775475 35.104
 31    10.524 53298.71790722 50.42  52.193716  65.778565 35.104
 32    10.496 53333.71787567 25.04  52.221043  65.768622 11.285
 32    10.532 53333.71787631 29.47  52.217903  65.771712 11.285
 32    10.525 53333.71787953 33.74  52.202183  65.787172 11.285
 32    13.080 53333.71788018 28.97  52.199033  65.790262 11.285
 33    13.705 53368.71781793 17.44  52.234370  65.771757  4.787
 33    12.791 53368.71781857 18.28  52.231230  65.774847  4.787
 33    14.495 53368.71782244 18.78  52.212370  65.793407  4.787
 33    14.796 53368.71782308 18.41  52.209230  65.796497  4.787
 33    14.562 53368.71782373 20.61  52.206080  65.799587  4.787
 34    12.694 53403.71784832 13.84  52.216616  65.767516  4.768
 34    13.167 53403.71784897 14.24  52.213476  65.770606  4.768
 34    13.921 53403.71785154 14.69  52.200896  65.782976  4.768
 34    13.884 53403.71785219 15.55  52.197756  65.786066  4.768
 35    13.377 53438.71783670 14.49  52.231005  65.770449  3.065
 35    12.589 53438.71783734 14.50  52.227865  65.773539  3.065
 35    15.017 53438.71784121 14.69  52.209005  65.792099  3.065
 35    15.278 53438.71784185 14.65  52.205865  65.795189  3.065
 35    15.071 53438.71784250 15.25  52.202715  65.798279  3.065
 36    13.453 53473.71789465  7.95  52.212391  65.766144  5.633
 36    13.925 53473.71789530  8.02  52.209251  65.769234  5.633
 36    14.184 53473.71789723  6.76  52.199821  65.778514  5.633
 36    14.273 53473.71789788  9.77  52.196681  65.781604  5.633
 37    16.874 53508.71791768 53.28  52.218975  65.768542 44.786
 37    16.888 53508.71791832 50.95  52.215835  65.771632 44.786
 37    16.989 53508.71792090 45.62  52.203265  65.784002 44.786
 37    16.895 53508.71792155 49.82  52.200115  65.787092 44.786
 38    13.178 53543.71792965 25.39  52.219345  65.768202 21.650
 38    13.703 53543.71793030 29.41  52.216205  65.771292 21.650
 38    13.712 53543.71793352 22.07  52.200485  65.786752 21.650
 39     9.812 53578.71791148 24.97  52.225624  65.770081 17.354
 39     9.786 53578.71791212 27.82  52.222484  65.773171 17.354
 39     9.508 53578.71791535 24.82  52.206774  65.788631 17.354
 39     9.681 53578.71791599 26.39  52.203624  65.791731 17.354
 39     9.825 53578.71791664 36.48  52.200474  65.794821 17.354
 40     9.537 53613.71786489 33.90  52.229338  65.770564 27.073
 40     9.476 53613.71786553 49.92  52.226198  65.773654 27.073
 40     9.440 53613.71786940 30.37  52.207338  65.792214 27.073
 40     9.605 53613.71787005 42.43  52.204198  65.795304 27.073
 41    11.148 53648.71787065 30.49  52.215476  65.767717 25.441
 41    11.090 53648.71787129 35.15  52.212326  65.770807 25.441
 41    10.993 53648.71787387 45.93  52.199756  65.783177 25.441
 41    10.964 53648.71787452 48.38  52.196606  65.786267 25.441
 42    12.318 53683.71788520 34.70  52.218597  65.768308 29.151
 42    12.150 53683.71788584 33.52  52.215457  65.771398 29.151
 42    12.445 53683.71788842 40.73  52.202887  65.783768 29.151
 42    13.064 53683.71788907 31.78  52.199737  65.786858 29.151
 43     9.228 53718.71781223 26.90  52.232889  65.771010 19.880
 43     9.185 53718.71781287 25.34  52.229749  65.774100 19.880
 43     9.361 53718.71781674 42.14  52.210889  65.792660 19.880
 43     9.368 53718.71781739 38.10  52.207749  65.795750 19.880
 43     9.209 53718.71781803 29.73  52.204599  65.798840 19.880
 44    10.194 53753.71773395 17.84  52.216500  65.768184  5.566
 44     9.588 53753.71773459 18.86  52.213360  65.771274  5.566
 44    13.707 53753.71773717 18.25  52.200780  65.783644  5.566
 44    10.261 53753.71773781 24.57  52.197640  65.786734  5.566
 45    11.518 53788.71776410 15.19  52.226612  65.770383  3.640
 45    11.359 53788.71776474 15.34  52.223472  65.773473  3.640
 45    14.530 53788.71776797 16.16  52.207752  65.788943  3.640
 45    15.126 53788.71776861 15.39  52.204612  65.792033  3.640
 45    15.126 53788.71776926 15.19  52.201462  65.795123  3.640
 46    11.728 53823.71771933 16.83  52.207836  65.766969  3.774
 46    11.835 53823.71771998 16.91  52.204696  65.770069  3.774
 46    13.341 53823.71772126 17.25  52.198406  65.776249  3.774
 46     9.073 53823.71772191 21.13  52.195256  65.779339  3.774
 46    13.811 53823.71772255 17.49  52.192106  65.782429  3.774
 47     9.233 53858.71781206 29.21  52.211951  65.767725 18.151
 47     9.143 53858.71781270 28.48  52.208801  65.770815 18.151
 47     9.187 53858.71781464 31.60  52.199371  65.780095 18.151
 47     9.322 53858.71781528 33.07  52.196231  65.783185 18.151
 48    16.063 53893.71782752 49.85  52.220738  65.767564 40.328
 48    16.045 53893.71782816 49.43  52.217598  65.770654 40.328
 48    15.902 53893.71783139 50.04  52.201878  65.786114 40.328
 48    15.869 53893.71783203 51.43  52.198728  65.789214 40.328
 49    10.194 53928.71788443 26.76  52.212458  65.766189 20.885
 49    11.226 53928.71788508 24.31  52.209318  65.769279 20.885
 49    14.430 53928.71788701 20.13  52.199888  65.778559 20.885
 49    14.935 53928.71788766 21.65  52.196748  65.781649 20.885
 50    11.642 53963.71786562 43.25  52.221108  65.768501 23.561
 50    11.906 53963.71786626 33.21  52.217968  65.771591 23.561
 50    11.599 53963.71786948 41.02  52.202258  65.787051 23.561
 50    11.458 53963.71787013 45.72  52.199108  65.790141 23.561
 51    10.509 53998.71781590 25.62  52.206278  65.764419 19.935
 51    10.596 53998.71781654 28.32  52.203138  65.767509 19.935
 51    10.615 53998.71781719 25.22  52.199988  65.770599 19.935
 51    14.094 53998.71781783 21.86  52.196848  65.773699 19.935
 51    14.705 53998.71781847 19.29  52.193698  65.776789 19.935
 51    14.863 53998.71781912 22.89  52.190548  65.779879 19.935
 52     9.325 54033.71786354 26.48  52.218020  65.767889 21.989
 52     9.266 54033.71786419 26.05  52.214870  65.770979 21.989
 52     9.123 54033.71786676 45.92  52.202300  65.783349 21.989
 52     8.939 54033.71786741 47.79  52.199150  65.786439 21.989
 54    12.994 54103.71781556 16.62  52.228994  65.773396  4.852
 54    15.114 54103.71781943 16.30  52.210144  65.791946  4.852
 54    15.417 54103.71782007 15.67  52.206994  65.795046  4.852
 54    15.582 54103.71782072 15.96  52.203854  65.798136  4.852
 55    12.577 54138.71778735 13.26  52.215343  65.766361  3.202
 55    13.309 54138.71778799 12.53  52.212203  65.769451  3.202
 55    13.947 54138.71779057 12.09  52.199623  65.781821  3.202
 55    14.859 54138.71779122 11.68  52.196473  65.784911  3.202
 56    14.815 54173.71779335 10.98  52.227220  65.769728  2.535
 56    14.250 54173.71779399 11.63  52.224080  65.772818  2.535
 56    15.009 54173.71779722 12.11  52.208370  65.788278  2.535
 56    15.151 54173.71779786 12.00  52.205220  65.791378  2.535
 56    15.309 54173.71779850 11.26  52.202080  65.794468  2.535
 57     9.522 54208.71779326 31.99  52.214398  65.765740 25.977
 57     9.465 54208.71779390 32.51  52.211258  65.768830 25.977
 57     9.355 54208.71779455 31.31  52.208118  65.771930 25.977
 57     9.474 54208.71779648 28.84  52.198688  65.781200 25.977
 57    14.315 54208.71779713 26.35  52.195538  65.784290 25.977
 58    16.299 54243.71782514 53.61  52.220401  65.768158 46.845
 58    16.256 54243.71782578 53.02  52.217261  65.771248 46.845
 58    16.170 54243.71782900 53.21  52.201541  65.786718 46.845
 58    16.193 54243.71782965 52.68  52.198401  65.789808 46.845
 59    16.272 54278.71783783 51.00  52.219812  65.768507 33.338
 59    16.112 54278.71783847 50.95  52.216672  65.771597 33.338
 59    16.174 54278.71784169 47.55  52.200952  65.787057 33.338
 59    16.149 54278.71784234 49.28  52.197812  65.790157 33.338
 60    11.564 54313.71783775 26.24  52.223955  65.768864 19.642
 60    11.609 54313.71783840 26.78  52.220815  65.771954 19.642
 60    11.162 54313.71784162 26.09  52.205095  65.787414 19.642
 60    11.102 54313.71784226 36.08  52.201955  65.790514 19.642
 61    14.166 54348.71780848 22.57  52.229921  65.770853 28.535
 61    12.681 54348.71780913 31.15  52.226781  65.773943 28.535
 61    12.502 54348.71781299 25.57  52.207921  65.792503 28.535
 61    12.711 54348.71781364 28.77  52.204781  65.795593 28.535
 62    11.287 54383.71777546 30.08  52.217023  65.767214 24.033
 62    11.497 54383.71777611 30.25  52.213873  65.770304 24.033
 62    11.301 54383.71777869 27.40  52.201303  65.782674 24.033
 62    11.391 54383.71777933 38.73  52.198153  65.785764 24.033
 63    10.100 54418.71775831 32.00  52.224590  65.772361 28.277
 63    10.459 54418.71776154 47.05  52.208880  65.787821 28.277
 63    10.452 54418.71776218 47.09  52.205730  65.790911 28.277
 63    10.356 54418.71776282 46.85  52.202590  65.794011 28.277
 64    10.335 54453.71774584 22.24  52.212092  65.765367  6.191
 64    10.333 54453.71774648 22.98  52.208942  65.768467  6.191
 64    10.337 54453.71774713 23.05  52.205802  65.771557  6.191
 64    10.431 54453.71774842 25.00  52.199512  65.777737  6.191
 64    13.557 54453.71774906 23.19  52.196372  65.780837  6.191
 65    13.399 54488.71775640 14.30  52.225252  65.768813  3.467
 65    12.424 54488.71775705 15.26  52.222112  65.771903  3.467
 65    13.364 54488.71776027 15.28  52.206402  65.787363  3.467
 65    14.840 54488.71776091 15.05  52.203252  65.790463  3.467
 65    15.070 54488.71776156 14.45  52.200102  65.793553  3.467
 66    13.063 54523.71775892 12.50  52.218895  65.766787  3.108
 66    12.719 54523.71775957 13.19  52.215755  65.769877  3.108
 66    14.212 54523.71776279 12.82  52.200035  65.785337  3.108
 66    14.897 54523.71776344 13.34  52.196885  65.788427  3.108
 67     9.470 54558.71776608 23.00  52.227865  65.769497 21.238
 67     9.383 54558.71776672 24.49  52.224725  65.772587 21.238
 67     8.923 54558.71776994 24.05  52.209015  65.788047 21.238
 67     9.023 54558.71777059 28.91  52.205865  65.791137 21.238
 67     8.775 54558.71777123 24.97  52.202725  65.794237 21.238
 68    12.744 54593.71775543 11.43  52.219341  65.768473  4.604
 68    12.542 54593.71775607 11.81  52.216201  65.771563  4.604
 68    13.668 54593.71775865 11.44  52.203621  65.783933  4.604
 68    14.750 54593.71775930 11.48  52.200481  65.787023  4.604
 69    17.241 54628.71776996 48.50  52.221864  65.768343 34.529
 69    17.148 54628.71777061 37.84  52.218724  65.771433 34.529
 69    17.204 54628.71777383 49.16  52.203004  65.786893 34.529
 69    17.268 54628.71777448 49.34  52.199854  65.789983 34.529
 70    10.994 54663.71777706 27.45  52.218533  65.767349 19.839
 70    10.891 54663.71777770 37.69  52.215393  65.770439 19.839
 70    10.765 54663.71778028 35.04  52.202823  65.782809 19.839
 70    10.733 54663.71778092 38.37  52.199673  65.785899 19.839
 71    10.452 54698.71775033 36.03  52.229960  65.771020 32.125
 71    10.812 54698.71775097 37.57  52.226820  65.774110 32.125
 71    10.508 54698.71775484 46.43  52.207960  65.792660 32.125
 71    10.379 54698.71775548 47.87  52.204810  65.795760 32.125
 72    10.639 54733.71773480 34.94  52.213174  65.766897 19.474
 72    10.611 54733.71773545 30.33  52.210034  65.769987 19.474
 72    10.888 54733.71773738 26.50  52.200604  65.779267 19.474
 72    10.612 54733.71773803 31.68  52.197454  65.782357 19.474
 73    11.660 54768.71772967 29.33  52.224108  65.768807 24.462
 73    11.572 54768.71773031 26.97  52.220968  65.771897 24.462
 73    11.385 54768.71773354 42.82  52.205248  65.787357 24.462
 73    11.491 54768.71773418 48.04  52.202108  65.790447 24.462
 73    11.602 54768.71773483 47.57  52.198958  65.793537 24.462
 74    11.059 54803.71772838 35.27  52.213900  65.765621 18.933
 74    11.029 54803.71772903 34.07  52.210760  65.768711 18.933
 74    11.182 54803.71772967 32.34  52.207610  65.771801 18.933
 74    11.282 54803.71773161 32.94  52.198180  65.781081 18.933
 74    13.941 54803.71773225 29.33  52.195040  65.784171 18.933
 75    13.261 54838.71772356 14.01  52.221631  65.768878  2.814
 75    12.510 54838.71772420 15.06  52.218491  65.771968  2.814
 75    14.266 54838.71772743 14.70  52.202771  65.787428  2.814
 75    15.066 54838.71772807 14.54  52.199621  65.790518  2.814
 76    12.525 54873.71772800 13.22  52.216873  65.766114  2.716
 76    12.213 54873.71772864 14.57  52.213733  65.769204  2.716
 76    13.844 54873.71773122 13.54  52.201153  65.781574  2.716
 76    14.508 54873.71773186 13.78  52.198013  65.784664  2.716
 77    11.674 54908.71773075 14.52  52.226275  65.772776  3.000
 77    14.750 54908.71773461 14.57  52.207415  65.791326  3.000
 77    15.075 54908.71773526 13.33  52.204275  65.794426  3.000
 78    13.388 54943.71772098  8.92  52.214815  65.765812  3.784
 78    12.671 54943.71772163  9.90  52.211675  65.768902  3.784
 78    13.776 54943.71772227 10.19  52.208525  65.771992  3.784
 78    13.773 54943.71772420 10.17  52.199095  65.781272  3.784
 78    14.289 54943.71772485  9.26  52.195955  65.784362  3.784
 79    15.991 54978.71774838 48.14  52.220528  65.768277 34.973
 79    15.804 54978.71774902 37.35  52.217388  65.771367 34.973
 79    15.854 54978.71775224 28.73  52.201668  65.786827 34.973
 79    15.907 54978.71775289 37.66  52.198518  65.789917 34.973
 80    12.666 55013.71775363 43.69  52.221838  65.768530 21.125
 80    12.785 55013.71775428 39.84  52.218698  65.771620 21.125
 80    13.640 55013.71775750 22.33  52.202978  65.787080 21.125
 80    15.379 55013.71775815 24.54  52.199828  65.790170 21.125
 81    10.503 55048.71774693 30.23  52.220771  65.768679 16.922
 81    10.313 55048.71774758 37.00  52.217631  65.771769 16.922
 81     9.258 55048.71775080 26.00  52.201911  65.787229 16.922
 81    13.455 55048.71775144 27.38  52.198761  65.790319 16.922
 82     9.230 55083.71771634 29.40  52.231434  65.771334 21.018
 82     9.178 55083.71771698 25.82  52.228294  65.774424 21.018
 82    14.722 55083.71772085 25.76  52.209434  65.792974 21.018
 82     9.819 55083.71772149 28.85  52.206294  65.796074 21.018
 82     9.789 55083.71772214 31.44  52.203144  65.799164 21.018
 83    12.188 55118.71767830 29.83  52.215851  65.766879 15.380
 83    12.307 55118.71767895 37.86  52.212711  65.769969 15.380
 83    14.050 55118.71768153 26.98  52.200131  65.782339 15.380
 83    12.153 55118.71768217 37.69  52.196991  65.785429 15.380
 84    10.005 55153.71767478 26.95  52.224505  65.768618 15.764
 84     9.840 55153.71767542 28.32  52.221365  65.771708 15.764
 84    10.293 55153.71767865 41.86  52.205645  65.787168 15.764
 84    10.357 55153.71767929 40.96  52.202505  65.790258 15.764
 84    10.122 55153.71767994 35.25  52.199355  65.793348 15.764
 85    10.171 55188.71766719 16.69  52.213627  65.766302  4.103
 85    13.225 55188.71766783 16.86  52.210487  65.769392  4.103
 85    13.596 55188.71766977 17.29  52.201057  65.778662  4.103
 85    13.339 55188.71767041 18.96  52.197907  65.781762  4.103
 85    13.483 55188.71767106 19.44  52.194767  65.784852  4.103
 86    13.010 55223.71767412 16.30  52.223641  65.768905  3.687
 86    12.005 55223.71767476 17.43  52.220501  65.771995  3.687
 86    14.364 55223.71767799 17.73  52.204781  65.787455  3.687
 86    14.716 55223.71767863 18.55  52.201641  65.790545  3.687
 87    10.088 55258.71766347 16.19  52.217959  65.769710  3.589
 87    13.096 55258.71766669 16.45  52.202239  65.785170  3.589
 87    13.226 55258.71766734 17.35  52.199089  65.788260  3.589
 88    12.929 55293.71766151  7.32  52.228851  65.770787 12.134
 88    12.030 55293.71766216  8.96  52.225711  65.773877 12.134
 88    11.834 55293.71766538 13.98  52.209991  65.789337 12.134
 88    15.078 55293.71766603 10.93  52.206851  65.792427 12.134
 88    15.025 55293.71766667 10.01  52.203701  65.795517 12.134
 89    15.744 55328.71764622 50.03  52.218529  65.768262 42.847
 89    15.744 55328.71764687 50.71  52.215389  65.771352 42.847
 89    15.809 55328.71764945 53.46  52.202809  65.783722 42.847
 89    15.679 55328.71765009 52.86  52.199669  65.786812 42.847
 90    14.412 55363.71764097 42.88  52.226319  65.769215 26.704
 90    14.275 55363.71764162 48.04  52.223179  65.772305 26.704
 90    14.119 55363.71764484 42.84  52.207459  65.787765 26.704
 90    14.036 55363.71764549 33.66  52.204319  65.790855 26.704
 90    15.678 55363.71764613 29.64  52.201169  65.793955 26.704
 91    10.570 55398.71765040 49.33  52.214069  65.766531 36.740
 91    10.356 55398.71765105 44.87  52.210929  65.769621 36.740
 91     9.958 55398.71765363 51.96  52.198349  65.781991 36.740
 91     9.946 55398.71765427 51.12  52.195209  65.785081 36.740
 92    10.532 55433.71765724 43.85  52.222896  65.769601 29.995
 92    10.585 55433.71765788 44.25  52.219756  65.772691 29.995
 92     9.511 55433.71766111 51.15  52.204036  65.788151 29.995
 92     9.504 55433.71766175 50.86  52.200886  65.791241 29.995
 93    11.259 55468.71761356 42.12  52.234157  65.771476 30.230
 93    11.031 55468.71761421 34.37  52.231017  65.774566 30.230
 93    11.177 55468.71761807 51.63  52.212167  65.793116 30.230
 93    11.175 55468.71761872 51.34  52.209017  65.796216 30.230
 93    11.173 55468.71761936 51.27  52.205867  65.799306 30.230
