# NaN NaN NaN ;Mean Elev.(m), Avg Gradient(m/km), RMS Gradient(m/km) - SRTM1     
#   33.047  -0.774   6.188 ;Mean Elev.(m), Avg Gradient(m/km), RMS Gradient(m/km) - ASTER GDEM
#    3.015  -0.031   3.464 ;Mean Elev.(m), Avg Gradient(m/km), RMS Gradient(m/km) - GMTED2010 
  6  51.871520  67.406789     5.338     5.338  2 52420.71413157 29.013
  7  51.873529  67.410400     3.513     3.513  3 52455.71415568 51.389
  8  51.873318  67.420054     2.218     2.099  7 52490.71413142 22.613
 10  51.872656  67.405283     2.371     2.371  2 52560.71415694 23.566
 11  51.872420  67.408872     2.297     2.308  3 52595.71416673 26.194
 12  51.871761  67.405094     2.384     2.428  3 52630.71410173 19.990
 15  51.872079  67.421701     3.040     3.001  8 52735.71413765 10.218
 18  51.872386  67.404650     1.240     1.240  2 52840.71421922 50.500
 20  51.873137  67.426228     2.418     2.406  9 52910.71422938 51.974
 23  51.873913  67.417457     2.802     2.728  7 53015.71421588 14.301
 24  51.870593  67.405519     3.740     3.740  2 53050.71418953 12.201
 25  51.874862  67.411434     3.663     3.527  4 53085.71422672 13.246
 26  51.871091  67.404419     2.276     2.276  2 53120.71419580  8.990
 27  51.869691  67.405423     5.772     5.772  2 53155.71424983 30.535
 28  51.874913  67.415263     4.390     4.377  6 53190.71424240 52.122
 29  51.873831  67.418471     2.986     2.893  7 53225.71425021 19.624
 30  51.873664  67.420121     1.345     1.302  8 53260.71422478 25.480
 31  51.867996  67.402136     1.210     1.210  2 53295.71425233 53.556
 32  51.874344  67.412284     0.969     0.989  4 53330.71422661 49.679
 33  51.873428  67.425779     2.699     2.580  9 53365.71417733 20.786
 34  51.871894  67.407524     3.757     3.757  2 53400.71420001 16.948
 35  51.871454  67.424152     2.590     2.443  9 53435.71419276 16.756
 36  51.870871  67.403893     5.333     5.512  3 53470.71423679  7.691
 37  51.874088  67.409136     2.250     2.271  4 53505.71427478 40.357
 38  51.874627  67.409943     4.536     4.567  3 53540.71427720 22.060
 39  51.872398  67.417698     0.747     0.748  7 53575.71427086 47.350
 40  51.872211  67.424650     0.546     0.555  9 53610.71422327 48.340
 41  51.870262  67.404369     4.477     4.477  2 53645.71422334 23.572
 42  51.874572  67.409873     1.925     1.857  3 53680.71424090 27.985
 43  51.873034  67.424994     1.680     1.691  9 53715.71417149 32.164
 44  51.871788  67.404865     3.959     3.959  2 53750.71408515 13.700
 45  51.871838  67.420502     2.503     2.493  7 53785.71411826 13.992
 46  51.863475  67.441013     2.243     2.545  9 53820.71407997 12.012
 47  51.870982  67.404316     0.341     0.288  3 53855.71415910 17.442
 48  51.875163  67.413029     5.312     5.338  5 53890.71417147 42.509
 49  51.870596  67.403182     1.400     1.400  2 53925.71423355 51.672
 50  51.874389  67.412288     3.023     3.006  4 53960.71422243 28.641
 51  51.866944  67.399583     4.251     4.398  3 53995.71415833 31.765
 52  51.872597  67.406241     0.862     0.865  3 54030.71421439 41.515
 54  51.871973  67.423895     1.560     1.667  9 54100.71417473 19.844
 55  51.871446  67.404958     2.537     2.392  3 54135.71413423 13.847
 57  51.872007  67.402624     2.201     2.201  2 54205.71413853  8.533
 58  51.875429  67.410368     6.553     6.553  3 54240.71417346 50.500
 59  51.875136  67.411002     4.607     4.589  3 54275.71418913 45.601
 61  51.872456  67.425247     1.858     1.974  9 54345.71416774 30.571
 62  51.871728  67.406972     3.486     3.486  2 54380.71412611 23.795
 63  51.872334  67.418314     1.933     1.939  6 54415.71411510 50.378
 64  51.870851  67.404045     3.271     3.271  2 54450.71409376 16.536
 65  51.875022  67.412386     2.651     2.646  4 54485.71410966 12.475
 66  51.872005  67.408246     3.402     3.065  3 54520.71410786 14.000
 67  51.873007  67.420614     0.734     0.479  7 54555.71412221 16.381
 68  51.872247  67.409422     1.306     1.132  3 54590.71410420  8.782
 69  51.874216  67.413851     6.468     6.450  5 54625.71412119 26.957
 70  51.873004  67.409540     2.015     2.002  3 54660.71412861 48.509
 71  51.873413  67.419632     0.588     0.580  8 54695.71410831 47.242
 72  51.872642  67.405896     1.857     1.860  3 54730.71408340 45.991
 73  51.876003  67.410462     2.054     1.606  4 54765.71408499 25.996
 74  51.870095  67.404625     2.310     2.310  2 54800.71407691 23.757
 75  51.874953  67.412323     2.355     2.363  4 54835.71407711 14.280
 76  51.871235  67.405152     3.101     3.217  3 54870.71407468 14.685
 77  51.872635  67.421630     2.971     2.878  8 54905.71408717 14.268
 78  51.871950  67.406430     4.044     4.044  2 54940.71406705 12.063
 79  51.874710  67.408598     4.595     4.608  3 54975.71409660 33.584
 80  51.874375  67.413661     5.268     5.258  5 55010.71410818 27.013
 81  51.874354  67.410190     2.078     0.982  3 55045.71409872 26.298
 82  51.873756  67.422321     0.400     0.420  9 55080.71407512 50.693
 83  51.872447  67.407567     1.863     1.863  2 55115.71403028 34.329
 84  51.875525  67.411151     1.319     1.314  4 55150.71402988 34.543
 85  51.872374  67.403725     3.684     3.684  2 55185.71401466 18.862
 86  51.873734  67.414839     2.681     2.645  6 55220.71402875 16.775
 87  51.873214  67.407525     3.172     3.172  2 55255.71401123 15.953
 88  51.871217  67.423920     2.533     2.467  9 55290.71401953 14.773
 89  51.872963  67.410375     4.596     4.626  3 55325.71399750 38.820
 90  51.873346  67.415522     4.060     3.877  6 55360.71399541 22.454
 91  51.871849  67.406956     1.293     1.293  2 55395.71399972 51.245
 92  51.875715  67.410609     1.686     0.740  3 55430.71400990 24.042
 93  51.873146  67.426694     1.495     1.490  9 55465.71397391 39.802
