# NaN NaN NaN ;Mean Elev.(m), Avg Gradient(m/km), RMS Gradient(m/km) - SRTM1     
#   18.008  -0.480   2.712 ;Mean Elev.(m), Avg Gradient(m/km), RMS Gradient(m/km) - ASTER GDEM
#    4.428   1.240   3.250 ;Mean Elev.(m), Avg Gradient(m/km), RMS Gradient(m/km) - GMTED2010 
  8  52.908561  67.664668     2.423     2.364  3 52492.32903333 16.011
 10  52.914619  67.665992     1.926     1.926  2 52562.32906104 22.440
 12  52.913814  67.665445     1.371     1.371  2 52632.32902092 15.353
 13  52.900108  67.664348     0.304     0.337  3 52667.32904048 13.167
 14  52.920868  67.662527     0.887     0.887  2 52702.32901197 11.025
 15  52.898568  67.664955     1.044     1.234  4 52737.32905400  9.413
 16  52.889068  67.663481     1.307     0.479  4 52772.32902098 28.703
 17  52.915234  67.665736     2.760     2.760  2 52807.32907654 49.163
 18  52.914228  67.665073     2.298     2.298  2 52842.32913530 16.864
 19  52.907391  67.665316     2.184     2.184  2 52877.32917399 15.758
 20  52.898893  67.664900     2.856     2.862  4 52912.32913272 24.548
 21  52.924427  67.662513    -0.208    -0.208  2 52947.32908945 40.287
 23  52.893783  67.665186    -0.234    -0.235  4 53017.32912139 13.392
 24  52.917955  67.664500     0.884     0.884  2 53052.32910048 11.973
 25  52.885132  67.665476     2.289     2.300  3 53087.32913813 11.058
 26  52.910025  67.663670     1.967     1.967  2 53122.32910774  7.315
 27  52.902824  67.665719     3.262     3.262  2 53157.32916375 25.306
 28  52.907521  67.665615     1.801     1.801  2 53192.32915651 47.424
 29  52.901855  67.664649     1.667     1.558  3 53227.32915721 18.412
 30  52.884494  67.664580     1.972     2.061  4 53262.32913095 17.319
 31  52.902133  67.665594     1.307     1.101  3 53297.32916693 22.646
 32  52.903766  67.665552    -0.029    -0.029  2 53332.32913877 24.687
 33  52.890786  67.664569    -0.004     0.040  5 53367.32908432 18.634
 34  52.908910  67.664870     0.720     0.720  2 53402.32911201 15.056
 35  52.891817  67.663345    -0.092    -0.160  4 53437.32910186 13.542
 36  52.907205  67.664739     0.809     0.809  2 53472.32915444 10.492
 37  52.899325  67.664088     1.347     1.359  3 53507.32918396 36.782
 38  52.897953  67.664879     2.089     1.965  4 53542.32919136 24.596
 39  52.890042  67.663206     0.764     0.831  4 53577.32917861 25.585
 40  52.886126  67.665698     0.247     0.348  3 53612.32913062 21.857
 41  52.914125  67.664040     2.569     2.569  2 53647.32913499 22.790
 42  52.891316  67.663319     0.768     0.686  4 53682.32915143 28.117
 43  52.892882  67.663446     0.348     0.340  4 53717.32907874 24.645
 45  52.903351  67.665373     0.683     0.683  2 53787.32902784 11.410
 46  52.926919  67.663446     0.857     0.857  2 53822.32898170  9.025
 47  52.905802  67.665175    -0.231    -0.231  2 53857.32907375 16.617
 48  52.910469  67.664010     2.606     2.606  2 53892.32908724 26.103
 49  52.893698  67.664323     1.777     1.556  4 53927.32914765 19.794
 50  52.887724  67.664708     0.917     0.874  5 53962.32913179 24.546
 51  52.927754  67.663175     1.551     1.551  2 53997.32907562 28.177
 52  52.914770  67.665620     0.082     0.082  2 54032.32912665 37.946
 54  52.889780  67.665407     0.194     0.183  4 54102.32908157 19.779
 55  52.910608  67.664032     0.216     0.216  2 54137.32904912 13.005
 56  52.891952  67.664239     0.215     0.123  4 54172.32905889 13.110
 57  52.910252  67.663656     1.307     1.307  2 54207.32905472 18.695
 58  52.904584  67.665567     4.071     4.071  2 54242.32908679 42.141
 59  52.903953  67.664885     2.316     2.316  2 54277.32910096 38.764
 60  52.904467  67.665683    -0.912    -0.912  2 54312.32910153 21.526
 61  52.890178  67.664422     1.227     1.072  5 54347.32907456 23.077
 62  52.911607  67.664955     2.502     2.470  3 54382.32903864 22.881
 63  52.894840  67.664618     1.132     1.149  4 54417.32902370 46.358
 64  52.916568  67.665186     0.701     0.701  2 54452.32900792 20.571
 65  52.903618  67.665366     0.891     0.866  3 54487.32902064 13.650
 66  52.910641  67.664715     0.958     0.994  3 54522.32902143 13.284
 67  52.894375  67.665424     0.972     0.007  4 54557.32903100 16.018
 68  52.904719  67.664694     1.842     1.842  2 54592.32901747  7.876
 69  52.902102  67.666562     3.967     3.907  3 54627.32903277 29.122
 70  52.902735  67.665186     1.755     2.089  3 54662.32904060 19.876
 71  52.894501  67.664931     1.883     1.886  4 54697.32901605 19.957
 72  52.910610  67.663586     2.444     2.444  2 54732.32899720 18.367
 73  52.903798  67.666300     2.317     2.375  3 54767.32899496 18.462
 74  52.911862  67.664758     0.119     0.077  3 54802.32899097 20.164
 75  52.903784  67.666081     1.027     1.123  3 54837.32898751 12.513
 76  52.911020  67.664461     0.831     0.831  2 54872.32898982 11.960
 77  52.887916  67.664252     0.547     0.534  4 54907.32899598 10.168
 78  52.909985  67.664870     2.519     2.519  2 54942.32898250  8.650
 79  52.902675  67.665225     2.232     2.232  2 54977.32901031 29.047
 80  52.898352  67.663775     2.454     2.469  3 55012.32901863 21.971
 81  52.905481  67.665538     2.079     2.079  2 55047.32901022 16.553
 82  52.889825  67.665208     0.525     0.555  4 55082.32898228 22.094
 83  52.913095  67.665894     2.159     2.159  2 55117.32894194 20.198
 84  52.898575  67.664972    -0.120    -0.153  4 55152.32894025 32.091
 85  52.912815  67.665669     0.462     0.462  2 55187.32892897 18.472
 86  52.898059  67.664240     0.134     0.162  3 55222.32893905 15.233
 87  52.907538  67.664214    -0.216    -0.216  2 55257.32892553 14.107
 88  52.889254  67.663811     0.295     0.424  4 55292.32892731 12.594
 89  52.902339  67.665313     2.386     2.386  2 55327.32890929 32.243
 90  52.896358  67.664516     1.863     1.727  3 55362.32890574 19.098
 91  52.910384  67.664449     0.017     0.017  2 55397.32891300 29.825
 92  52.904853  67.665139    -0.572    -0.572  2 55432.32892056 22.730
 93  52.886990  67.664123     1.795     1.352  5 55467.32888037 19.602
