# NaN NaN NaN ;Mean Elev.(m), Avg Gradient(m/km), RMS Gradient(m/km) - SRTM1     
#    0.914  -1.829  10.512 ;Mean Elev.(m), Avg Gradient(m/km), RMS Gradient(m/km) - ASTER GDEM
#   21.000  -0.204   2.095 ;Mean Elev.(m), Avg Gradient(m/km), RMS Gradient(m/km) - GMTED2010 
  8  52.496772  66.206800     9.966     9.495  4 52509.71586971 19.634
 10  52.501504  66.186700     7.097     7.095 14 52579.71590499 40.226
 11  52.493743  66.206543     8.159     8.107  4 52614.71587624 21.171
 12  52.494580  66.197465     9.596     9.639  9 52649.71585419 16.540
 13  52.496796  66.209449     9.442     9.694  4 52684.71583934 14.018
 14  52.496367  66.193525    11.482    11.492 11 52719.71588920 10.713
 15  52.495157  66.195994     7.659     7.871  9 52754.71591398 12.205
 16  52.501242  66.176320    15.056    15.001 15 52789.71585826 32.867
 17  52.501409  66.183523    11.854    12.069 15 52824.71592970 25.137
 18  52.499589  66.188445     8.044     8.052 14 52859.71597668 24.343
 19  52.494029  66.198762    11.401    11.576  9 52894.71600962 19.869
 20  52.496605  66.209086     8.408     8.418  3 52929.71596084 24.664
 21  52.502428  66.182449     6.940     6.928 16 52964.71594397 34.584
 22  52.497472  66.191540     8.464     8.867 11 52999.71598137 20.856
 23  52.495673  66.208343     9.130     9.225  3 53034.71593464 15.398
 24  52.494613  66.197712    10.872    10.703  8 53069.71595030 13.573
 25  52.497066  66.210365    15.037    14.817  4 53104.71593660 13.558
 26  52.499706  66.189018     7.806     7.766 13 53139.71595439 23.401
 27  52.495986  66.194274    13.123    13.121 11 53174.71599170 49.519
 28  52.493110  66.200758     9.368    10.388  7 53209.71601034 21.528
 29  52.494711  66.206776     5.673     5.685  4 53244.71597917 40.497
 30  52.500794  66.177855    10.238    10.240 15 53279.71595463 19.580
 31  52.495568  66.194520     6.598     6.607 11 53314.71597830 46.975
 32  52.494605  66.206795     9.003     9.043  4 53349.71594624 21.283
 33  52.502612  66.178879     9.091     9.603 15 53384.71591781 16.642
 34  52.495111  66.207241     8.781     8.800  4 53419.71592880 15.733
 35  52.501172  66.179067     9.694    10.143 15 53454.71592934 15.205
 36  52.501551  66.182860    10.100     9.322 15 53489.71601528 15.589
 37  52.491270  66.205126    14.053    14.027  5 53524.71600536 29.597
 38  52.496712  66.194198    11.672    11.852 11 53559.71603029 17.978
 39  52.498268  66.211914     6.273     6.301  3 53594.71597134 29.896
 40  52.502516  66.168401     8.855     9.126 15 53629.71595633 31.954
 41  52.500301  66.188177    10.332    10.299 13 53664.71598367 21.093
 42  52.494678  66.207104     8.467     8.436  4 53699.71594360 45.679
 43  52.499208  66.215606     7.423     7.420  4 53734.71586721 28.226
 44  52.490782  66.204033     8.260     8.667  6 53769.71585137 16.328
 45  52.497908  66.210446     8.898     8.955  3 53804.71584700 17.369
 48  52.502399  66.182163    10.990    10.977 15 53909.71595384 51.143
 49  52.501027  66.186594    10.343     9.696 15 53944.71597618 19.019
 50  52.496188  66.206810     6.262     6.276  4 53979.71592811 28.894
 51  52.501380  66.178996     9.044     9.083 15 54014.71593898 37.646
 52  52.493318  66.206167     8.860     8.886  4 54049.71594796 22.908
 54  52.499369  66.214760     9.318     9.279  4 54119.71586965 17.497
 55  52.494440  66.198945     9.820     9.778  9 54154.71589562 12.204
 56  52.498828  66.210163     6.428     6.265  4 54189.71586482 10.881
 57  52.499523  66.189612    11.405    11.462 13 54224.71590461 29.845
 58  52.494142  66.199762    12.987    12.968  7 54259.71592739 26.647
 59  52.493103  66.201690    11.132    11.074  6 54294.71593116 20.456
 60  52.495949  66.206051     7.007     6.980  4 54329.71592530 28.670
 61  52.498351  66.211318     8.730     8.721  4 54364.71587185 42.533
 62  52.493165  66.201769    11.636    12.142  6 54399.71586561 20.767
 63  52.497184  66.209189     8.393     8.358  4 54434.71582440 25.103
 64  52.499571  66.189872    10.160    10.513 13 54469.71584661 14.808
 65  52.495258  66.210319     9.187     9.089  4 54504.71583904 14.279
 66  52.490799  66.206209    11.159    11.704  5 54539.71586493 13.295
 67  52.497083  66.210709     6.160     6.158  4 54574.71583996 22.004
 68  52.492391  66.202489    11.195    11.158  6 54609.71585679 30.496
 69  52.492261  66.203312    12.946    12.945  5 54644.71586464 33.012
 70  52.492887  66.202218     6.454     6.449  6 54679.71586597 46.706
 71  52.499342  66.211155     7.974     7.936  4 54714.71581859 36.892
 72  52.500906  66.188425     9.073     8.853 14 54749.71583338 45.302
 73  52.493886  66.208660     8.335     8.338  4 54784.71580642 44.937
 74  52.495570  66.194425     9.363     9.274 10 54819.71582734 15.974
 75  52.496040  66.206662     9.150     9.229  4 54854.71580273 15.169
 76  52.492733  66.201878     9.734     9.667  6 54889.71583313 14.615
 77  52.497729  66.211338    11.093    11.791  3 54924.71580286 13.650
 78  52.497972  66.190808     6.662     6.642 13 54959.71582897 29.769
 79  52.494723  66.198422    14.420    14.426  8 54994.71585225 48.852
 80  52.491982  66.204801    13.127    13.147  4 55029.71584337 17.854
 81  52.492645  66.206612     5.772     5.781  4 55064.71583484 42.189
 82  52.498880  66.211665     7.273     6.887  4 55099.71577940 24.142
 83  52.496310  66.194206     6.912     6.903 10 55134.71577707 43.681
 84  52.496187  66.208918     7.651     7.205  4 55169.71574368 23.822
 85  52.496400  66.193784     8.732     8.799 11 55204.71577012 15.953
 86  52.495489  66.209847     9.003     8.899  4 55239.71575044 17.335
 87  52.491671  66.206213     9.010     9.049  5 55274.71576637 15.990
 88  52.497622  66.210748     6.226     5.948  4 55309.71573433 28.341
 89  52.492797  66.204042    11.782    11.676  5 55344.71573444 24.688
 90  52.495853  66.205570     8.210     8.231  4 55379.71572873 26.918
 91  52.500744  66.188666     8.823     9.278 14 55414.71575129 20.958
 92  52.495377  66.207177    12.751    12.724  4 55449.71574152 20.424
 93  52.499392  66.214495     9.885     9.380  4 55484.71566822 18.877
