# NaN NaN NaN ;Mean Elev.(m), Avg Gradient(m/km), RMS Gradient(m/km) - SRTM1     
#   26.873  -2.502   7.105 ;Mean Elev.(m), Avg Gradient(m/km), RMS Gradient(m/km) - ASTER GDEM
#   37.674  -3.206   6.102 ;Mean Elev.(m), Avg Gradient(m/km), RMS Gradient(m/km) - GMTED2010 
  7    16.161 52458.71771575 31.47  52.592339  65.398668 12.595
  7    16.094 52458.71771640 31.14  52.589269  65.401768 12.595
  7    15.928 52458.71771704 29.69  52.586209  65.404868 12.595
  7    16.029 52458.71771769 30.02  52.583149  65.407968 12.595
  8    14.170 52493.71769874 49.04  52.595782  65.403502 24.909
  8    14.215 52493.71769939 49.02  52.592722  65.406592 24.909
  9    16.191 52528.71767817 49.48  52.583889  65.390419 21.769
  9    16.321 52528.71767881 48.52  52.580829  65.393519 21.769
  9    16.246 52528.71767946 48.38  52.577769  65.396619 21.769
 10    14.516 52563.71771130 40.67  52.592189  65.395324 13.021
 10    14.180 52563.71771195 31.00  52.589129  65.398424 13.021
 10    14.232 52563.71771324 40.61  52.582999  65.404624 13.021
 10    14.315 52563.71771388 35.97  52.579939  65.407724 13.021
 11    15.242 52598.71773474 31.50  52.590368  65.396998 16.711
 11    15.029 52598.71773538 32.66  52.587308  65.400098 16.711
 11    15.188 52598.71773667 38.30  52.581188  65.406298 16.711
 11    15.128 52598.71773731 41.94  52.578128  65.409398 16.711
 12    14.248 52633.71768385 21.05  52.587430  65.391407  6.904
 12    14.282 52633.71768450 22.68  52.584370  65.394507  6.904
 12    14.273 52633.71768514 22.31  52.581310  65.397607  6.904
 13    13.598 52668.71769874 16.87  52.591762  65.396785  3.888
 13    13.738 52668.71769939 16.34  52.588702  65.399885  3.888
 13    13.713 52668.71770068 15.58  52.582582  65.406085  3.888
 13    13.848 52668.71770132 15.32  52.579522  65.409185  3.888
 14    19.897 52703.71767998 11.49  52.586754  65.397959  3.213
 14    14.038 52703.71768127 11.61  52.580624  65.404149  3.213
 14    14.625 52703.71768191 11.31  52.577564  65.407249  3.213
 15    19.196 52738.71771803  4.38  52.596412  65.398640  2.888
 15    18.807 52738.71771868  4.13  52.593352  65.401740  2.888
 15    17.856 52738.71771932  3.94  52.590292  65.404840  2.888
 15    19.408 52738.71771997  3.85  52.587232  65.407940  2.888
 16    18.963 52773.71767155 53.53  52.607017  65.400478 29.024
 16    18.975 52773.71767219 50.97  52.603957  65.403578 29.024
 16    18.983 52773.71767284 51.32  52.600897  65.406678 29.024
 17    18.621 52808.71773931 50.50  52.585634  65.389608 29.071
 17    18.652 52808.71773996 51.20  52.582574  65.392708 29.071
 17    18.575 52808.71774060 50.50  52.579514  65.395808 29.071
 18    14.102 52843.71779674 29.30  52.587706  65.390837 16.059
 18    14.755 52843.71779739 34.07  52.584646  65.393937 16.059
 18    14.141 52843.71779803 32.29  52.581586  65.397037 16.059
 18    13.924 52843.71779997 29.08  52.572406  65.406337 16.059
 19    14.002 52878.71783613 51.05  52.586093  65.397690 28.212
 19    13.897 52878.71783806 49.39  52.576913  65.406990 28.212
 20    16.006 52913.71779440 45.28  52.603823  65.401960 18.934
 20    16.729 52913.71779504 45.35  52.600763  65.405060 18.934
 20    15.563 52913.71779568 45.86  52.597703  65.408160 18.934
 21    13.056 52948.71775087 50.60  52.588026  65.389447 22.650
 21    13.116 52948.71775152 42.80  52.584966  65.392547 22.650
 21    13.782 52948.71775216 37.10  52.581906  65.395647 22.650
 21    13.808 52948.71775410 42.15  52.572716  65.404937 22.650
 23    13.812 53018.71777623 20.17  52.596299  65.402128  6.363
 23    13.937 53018.71777688 17.41  52.593239  65.405228  6.363
 23    14.117 53018.71777752 16.26  52.590179  65.408328  6.363
 24    13.793 53053.71775876 15.53  52.586654  65.397263  4.303
 24    13.927 53053.71776069 14.91  52.577474  65.406563  4.303
 25    19.280 53088.71779576 13.13  52.594196  65.397833  2.915
 25    18.311 53088.71779641 12.62  52.591136  65.400933  2.915
 25    17.583 53088.71779705 11.47  52.588076  65.404033  2.915
 25    16.916 53088.71779770 11.11  52.585016  65.407133  2.915
 26    18.482 53123.71776586  7.49  52.585780  65.395550  4.677
 26    18.663 53123.71776780  4.75  52.576600  65.404850  4.677
 27    22.176 53158.71782358 30.71  52.586814  65.391945 18.000
 27    22.066 53158.71782422 31.22  52.583754  65.395045 18.000
 27    21.577 53158.71782487 30.85  52.580694  65.398145 18.000
 28    15.373 53193.71781868 29.96  52.597217  65.397088 16.725
 28    15.460 53193.71781933 35.50  52.594157  65.400188 16.725
 28    15.345 53193.71781997 36.69  52.591097  65.403288 16.725
 28    15.218 53193.71782062 37.47  52.588037  65.406388 16.725
 29    13.500 53228.71781395 31.42  52.595152  65.402243 23.432
 29    13.582 53228.71781459 43.67  52.592092  65.405343 23.432
 29    13.458 53228.71781524 44.47  52.589032  65.408443 23.432
 31    14.683 53298.71782599 44.99  52.584474  65.388518 21.180
 31    14.546 53298.71782663 45.38  52.581414  65.391618 21.180
 31    14.647 53298.71782728 39.50  52.578354  65.394718 21.180
 31    14.601 53298.71782792 49.25  52.575294  65.397818 21.180
 32    14.429 53333.71779830 46.84  52.593040  65.397126 16.334
 32    14.300 53333.71779895 34.27  52.589980  65.400226 16.334
 32    14.429 53333.71780024 28.49  52.583860  65.406426 16.334
 32    14.445 53333.71780088 28.76  52.580800  65.409526 16.334
 33    13.826 53368.71774057 25.53  52.606224  65.400238  7.626
 33    13.960 53368.71774121 21.28  52.603164  65.403338  7.626
 33    13.920 53368.71774186 20.20  52.600104  65.406438  7.626
 34    13.617 53403.71777096 20.22  52.588693  65.396038  6.204
 34    13.738 53403.71777160 21.00  52.585633  65.399138  6.204
 34    13.724 53403.71777289 19.80  52.579513  65.405338  6.204
 34    13.930 53403.71777354 18.11  52.576453  65.408438  6.204
 35    13.641 53438.71775998 16.39  52.599818  65.402035  4.371
 35    13.639 53438.71776062 15.83  52.596758  65.405135  4.371
 35    13.595 53438.71776127 14.59  52.593698  65.408235  4.371
 36    13.421 53473.71781665 15.61  52.587502  65.391569  5.196
 36    13.332 53473.71781729 14.59  52.584442  65.394669  5.196
 36    13.308 53473.71781794 15.13  52.581382  65.397769  5.196
 37    20.768 53508.71784032 51.62  52.591001  65.397039 30.318
 37    20.860 53508.71784096 51.15  52.587941  65.400139 30.318
 37    20.728 53508.71784225 48.04  52.581821  65.406339 30.318
 37    20.599 53508.71784290 49.51  52.578761  65.409439 30.318
 38    14.999 53543.71785229 52.55  52.591316  65.396695 27.806
 38    14.724 53543.71785294 52.20  52.588256  65.399795 27.806
 38    14.761 53543.71785423 48.07  52.582136  65.405995 27.806
 38    14.690 53543.71785487 46.94  52.579076  65.409095 27.806
 39    13.851 53578.71783476 44.11  52.594487  65.401672 26.719
 39    13.851 53578.71783541 41.10  52.591427  65.404772 26.719
 39    13.871 53578.71783605 40.95  52.588367  65.407872 26.719
 40    13.698 53613.71778817 45.13  52.598119  65.402141 29.370
 40    13.820 53613.71778882 43.12  52.595059  65.405241 29.370
 40    13.710 53613.71778946 42.03  52.591999  65.408341 29.370
 41    19.247 53648.71779329 18.05  52.587593  65.396244 11.344
 41    15.548 53648.71779522 23.45  52.578413  65.405544 11.344
 41    15.197 53648.71779587 19.65  52.575343  65.408644 11.344
 42    16.441 53683.71780784 50.85  52.590548  65.396812 25.102
 42    16.249 53683.71780848 51.84  52.587488  65.399912 25.102
 42    16.350 53683.71780977 50.04  52.581368  65.406112 25.102
 42    16.353 53683.71781042 48.65  52.578308  65.409212 25.102
 43    13.890 53718.71773551 29.57  52.601713  65.402597 17.210
 43    13.905 53718.71773616 30.89  52.598653  65.405697 17.210
 44    13.851 53753.71765658 16.69  52.588692  65.396725  6.057
 44    14.305 53753.71765852 13.60  52.579512  65.406025  6.057
 44    14.161 53753.71765916 17.73  52.576442  65.409125  6.057
 45    13.425 53788.71768738 14.54  52.595551  65.401990  4.406
 45    13.619 53788.71768803 13.10  52.592491  65.405090  4.406
 45    13.491 53788.71768867 13.06  52.589431  65.408190  4.406
 46    23.350 53823.71764068 12.57  52.586239  65.389329  3.306
 46    13.461 53823.71764132 13.41  52.583179  65.392429  3.306
 46    13.427 53823.71764197 14.10  52.580119  65.395519  3.306
 47    13.385 53858.71773341 27.44  52.590152  65.390050 12.776
 47    13.312 53858.71773470 26.61  52.584032  65.396240 12.776
 47    13.549 53858.71773663 25.86  52.574852  65.405540 12.776
 48    19.651 53893.71775016 49.71  52.592795  65.396080 28.957
 48    19.718 53893.71775080 50.24  52.589735  65.399180 28.957
 48    19.671 53893.71775209 50.23  52.583615  65.405380 28.957
 48    19.604 53893.71775274 52.01  52.580555  65.408480 28.957
 49    13.915 53928.71780643 46.00  52.587485  65.391579 27.673
 49    13.984 53928.71780707 38.35  52.584425  65.394679 27.673
 49    14.018 53928.71780772 44.35  52.581365  65.397779 27.673
 50    15.117 53963.71778825 23.68  52.593009  65.396981 24.511
 50    15.324 53963.71778890 30.29  52.589949  65.400081 24.511
 50    15.464 53963.71779019 45.88  52.583829  65.406281 24.511
 50    15.866 53963.71779083 48.99  52.580769  65.409381 24.511
 51    14.162 53998.71773789 50.47  52.581599  65.389875 17.611
 51    13.506 53998.71773853 46.37  52.578539  65.392965 17.611
 51    14.423 53998.71773918 39.64  52.575469  65.396065 17.611
 52    13.069 54033.71778618 43.62  52.590110  65.396404 17.396
 52    12.644 54033.71778682 38.01  52.587050  65.399504 17.396
 52    13.354 54033.71778811 33.63  52.580930  65.405704 17.396
 52    13.531 54033.71778876 37.90  52.577870  65.408804 17.396
 54    15.099 54103.71773820 19.86  52.600904  65.401882 10.549
 54    14.993 54103.71773884 17.67  52.597844  65.404982 10.549
 54    14.808 54103.71773949 17.03  52.594784  65.408082 10.549
 55    14.197 54138.71770999 20.34  52.587414  65.394874  8.605
 55    14.227 54138.71771063 19.07  52.584354  65.397974  8.605
 55    14.571 54138.71771257 19.08  52.575174  65.407274  8.605
 56    17.097 54173.71771663 11.66  52.596060  65.401322  4.204
 56    16.628 54173.71771728 10.49  52.593000  65.404422  4.204
 56    16.173 54173.71771792  9.49  52.589940  65.407522  4.204
 57    13.741 54208.71771525 31.19  52.589519  65.391168 15.448
 57    13.772 54208.71771590 28.27  52.586459  65.394268 15.448
 57    13.898 54208.71771654 26.75  52.583399  65.397368 15.448
 57    13.608 54208.71771848 27.44  52.574219  65.406668 15.448
 58    19.756 54243.71774777 46.07  52.592426  65.396659 22.109
 58    19.748 54243.71774842 47.28  52.589366  65.399759 22.109
 58    19.776 54243.71774971 46.59  52.583246  65.405959 22.109
 58    19.692 54243.71775035 51.88  52.580186  65.409059 22.109
 59    19.863 54278.71776046 45.06  52.591848  65.397009 25.517
 59    19.901 54278.71776111 45.75  52.588788  65.400109 25.517
 59    19.826 54278.71776240 48.36  52.582668  65.406309 25.517
 59    19.815 54278.71776304 49.56  52.579608  65.409409 25.517
 60    15.092 54313.71776039 32.24  52.595943  65.397368 15.890
 60    15.111 54313.71776103 37.10  52.592883  65.400468 15.890
 60    15.136 54313.71776168 33.14  52.589823  65.403568 15.890
 60    14.956 54313.71776232 28.68  52.586763  65.406668 15.890
 61    17.221 54348.71773177 16.32  52.598753  65.402436 12.728
 61    16.351 54348.71773241 15.53  52.595693  65.405536 12.728
 61    28.388 54348.71773305 15.86  52.592633  65.408636 12.728
 62    19.841 54383.71769810 18.21  52.589092  65.395731  9.620
 62    18.663 54383.71769875 20.78  52.586032  65.398831  9.620
 62    16.816 54383.71770004 21.91  52.579912  65.405031  9.620
 62    15.916 54383.71770068 19.64  52.576852  65.408131  9.620
 63    14.650 54418.71768095 40.87  52.596568  65.400859 22.623
 63    14.482 54418.71768159 44.41  52.593508  65.403959 22.623
 63    14.569 54418.71768224 48.09  52.590448  65.407059 22.623
 64    14.385 54453.71766783 24.48  52.587273  65.390811  7.837
 64    14.429 54453.71766848 25.73  52.584223  65.393911  7.837
 64    14.318 54453.71766912 27.13  52.581153  65.397001  7.837
 64    14.925 54453.71767105 28.18  52.571973  65.406301  7.837
 65    14.324 54488.71767904 18.81  52.597211  65.397318  6.777
 65    14.353 54488.71767968 19.28  52.594151  65.400418  6.777
 65    14.513 54488.71768033 20.23  52.591091  65.403518  6.777
 65    14.431 54488.71768097 21.50  52.588031  65.406618  6.777
 66    20.303 54523.71768156 16.33  52.590938  65.395308  6.702
 66    19.796 54523.71768221 15.34  52.587878  65.398408  6.702
 66    14.212 54523.71768350 16.92  52.581758  65.404608  6.702
 66    14.328 54523.71768414 26.45  52.578698  65.407708  6.702
 67    13.586 54558.71768936 11.97  52.596702  65.401083  7.536
 67    13.627 54558.71769000 11.13  52.593642  65.404183  7.536
 67    14.085 54558.71769065  9.59  52.590582  65.407283  7.536
 68    14.390 54593.71767807 18.45  52.591373  65.396970  8.234
 68    14.447 54593.71767871 19.17  52.588313  65.400070  8.234
 68    14.695 54593.71768000 18.16  52.582193  65.406270  8.234
 68    14.788 54593.71768065 22.92  52.579133  65.409370  8.234
 69    20.413 54628.71769260 33.67  52.593845  65.396841 20.618
 69    20.357 54628.71769325 34.08  52.590785  65.399941 20.618
 69    20.556 54628.71769454 39.49  52.584665  65.406141 20.618
 69    20.555 54628.71769518 41.90  52.581605  65.409241 20.618
 70    13.664 54663.71769970 25.40  52.590532  65.395856 15.673
 70    14.576 54663.71770034 23.73  52.587472  65.398956 15.673
 70    14.533 54663.71770163 19.00  52.581352  65.405156 15.673
 70    15.152 54663.71770227 16.16  52.578292  65.408246 15.673
 71    14.170 54698.71767361 19.28  52.598811  65.402598 14.284
 71    14.389 54698.71767425 17.72  52.595751  65.405698 14.284
 72    14.049 54733.71765680 28.67  52.588354  65.392317 13.394
 72    13.742 54733.71765744 23.01  52.585294  65.395417 13.394
 72    14.448 54733.71765809 21.28  52.582234  65.398517 13.394
 72    14.613 54733.71765938 21.69  52.576114  65.404717 13.394
 73    18.269 54768.71765231 23.06  52.596069  65.397317 16.060
 73    17.422 54768.71765295 23.76  52.593009  65.400417 16.060
 73    14.499 54768.71765360 25.46  52.589949  65.403517 16.060
 73    15.164 54768.71765424 22.91  52.586889  65.406617 16.060
 74    14.253 54803.71765038 34.62  52.589025  65.391050 14.388
 74    14.289 54803.71765102 34.95  52.585965  65.394150 14.388
 74    14.280 54803.71765167 37.02  52.582905  65.397250 14.388
 74    14.213 54803.71765360 33.69  52.573715  65.406540 14.388
 75    14.311 54838.71764620 15.42  52.593638  65.397380  4.056
 75    14.375 54838.71764684 15.91  52.590578  65.400480  4.056
 75    14.509 54838.71764749 15.28  52.587518  65.403580  4.056
 75    15.333 54838.71764813 14.33  52.584458  65.406680  4.056
 75    14.689 54838.71764878 16.22  52.581398  65.409770  4.056
 76    13.757 54873.71765128 14.61  52.585849  65.397733  3.575
 76    14.143 54873.71765321 13.01  52.576669  65.407033  3.575
 77    13.583 54908.71765339 19.61  52.598193  65.401275  6.028
 77    13.566 54908.71765403 18.57  52.595133  65.404375  6.028
 77    13.751 54908.71765467 17.28  52.592073  65.407475  6.028
 78    13.854 54943.71764298 10.63  52.589936  65.391224  4.713
 78    19.521 54943.71764362 10.73  52.586876  65.394324  4.713
 78    20.599 54943.71764426  9.30  52.583816  65.397424  4.713
 78    17.790 54943.71764620  8.63  52.574626  65.406714  4.713
 79    20.007 54978.71767102 48.81  52.592527  65.396770 29.823
 79    19.938 54978.71767166 50.62  52.589467  65.399870 29.823
 79    19.891 54978.71767295 50.12  52.583347  65.406070 29.823
 79    19.855 54978.71767359 50.45  52.580287  65.409170 29.823
 80    16.212 55013.71767627 49.97  52.593820  65.397033 25.914
 80    16.327 55013.71767692 49.19  52.590760  65.400133 25.914
 80    16.198 55013.71767821 50.55  52.584640  65.406333 25.914
 80    16.078 55013.71767885 51.05  52.581580  65.409423 25.914
 81    13.602 55048.71766957 24.33  52.592794  65.397182 14.795
 81    13.612 55048.71767022 25.04  52.589734  65.400282 14.795
 81    13.535 55048.71767086 19.72  52.586674  65.403382 14.795
 81    13.367 55048.71767150 21.03  52.583614  65.406482 14.795
 81    13.812 55048.71767215 17.50  52.580554  65.409582 14.795
 82    13.612 55083.71763962 50.08  52.600242  65.402903 29.218
 82    13.597 55083.71764026 51.55  52.597182  65.406003 29.218
 83    15.053 55118.71760094 26.72  52.587942  65.395407 13.911
 83    15.116 55118.71760159 26.90  52.584882  65.398507 13.911
 83    15.938 55118.71760288 25.04  52.578762  65.404707 13.911
 83    16.126 55118.71760352 22.72  52.575692  65.407797 13.911
 84    13.554 55153.71759742 44.50  52.596429  65.397120 21.473
 84    13.502 55153.71759806 45.58  52.593369  65.400220 21.473
 84    13.872 55153.71759871 51.99  52.590309  65.403320 21.473
 84    13.748 55153.71759935 48.08  52.587249  65.406420 21.473
 85    13.698 55188.71758918 17.51  52.588778  65.391724  5.641
 85    13.606 55188.71758983 19.64  52.585718  65.394824  5.641
 85    13.610 55188.71759047 20.13  52.582658  65.397924  5.641
 85    13.846 55188.71759241 20.29  52.573468  65.407214  5.641
 86    13.658 55223.71759676 12.90  52.595594  65.397405  5.033
 86    17.753 55223.71759740 12.07  52.592534  65.400505  5.033
 86    16.309 55223.71759805 12.27  52.589474  65.403605  5.033
 86    15.417 55223.71759869 11.27  52.586414  65.406705  5.033
 87    15.532 55258.71758611 10.42  52.590025  65.398239  3.358
 87    13.435 55258.71758740 11.14  52.583905  65.404439  3.358
 87    14.930 55258.71758804 10.71  52.580845  65.407539  3.358
 88    16.162 55293.71758480  5.22  52.597683  65.402367  9.071
 88    16.994 55293.71758544  3.51  52.594623  65.405467  9.071
 88    20.190 55293.71758609  2.20  52.591563  65.408567  9.071
 89    19.185 55328.71756886 49.28  52.590547  65.396755 34.451
 89    18.997 55328.71756951 52.58  52.587487  65.399855 34.451
 89    19.040 55328.71757080 50.88  52.581367  65.406055 34.451
 89    19.078 55328.71757144 52.58  52.578307  65.409155 34.451
 90    17.697 55363.71756426 41.84  52.595185  65.400806 19.999
 90    17.754 55363.71756490 43.38  52.592125  65.403906 19.999
 90    17.738 55363.71756555 44.26  52.589065  65.407006 19.999
 91    14.079 55398.71757240 48.07  52.589222  65.391953 16.121
 91    13.700 55398.71757304 42.41  52.586162  65.395053 16.121
 91    13.759 55398.71757369 32.37  52.583102  65.398153 16.121
 91    13.880 55398.71757562 19.75  52.573912  65.407453 16.121
 92    13.958 55433.71757988 46.58  52.594916  65.398097 18.266
 92    14.010 55433.71758052 42.04  52.591856  65.401197 18.266
 92    13.986 55433.71758117 44.21  52.588796  65.404297 18.266
 92    14.322 55433.71758181 40.08  52.585736  65.407397 18.266
 93    15.261 55468.71753620 40.73  52.605992  65.399946 22.017
 93    15.289 55468.71753684 47.42  52.602932  65.403046 22.017
 93    15.286 55468.71753749 50.09  52.599872  65.406146 22.017
