# NaN NaN NaN ;Mean Elev.(m), Avg Gradient(m/km), RMS Gradient(m/km) - SRTM1     
# NaN NaN NaN ;Mean Elev.(m), Avg Gradient(m/km), RMS Gradient(m/km) - ASTER GDEM
#   37.000  -3.821   7.496 ;Mean Elev.(m), Avg Gradient(m/km), RMS Gradient(m/km) - GMTED2010 
 10  58.262377  66.177654    35.592    35.583  3 52567.69992011 45.641
 12  58.258261  66.171609    43.084    43.084  2 52637.69989010  9.340
 13  58.265356  66.181567    44.281    44.370  3 52672.69989312  8.258
 14  58.259795  66.175897    62.300    62.858  3 52707.69989741  6.774
 15  58.263933  66.179495    68.662    67.845  3 52742.69992883  3.145
 18  58.258854  66.172402    39.577    39.577  2 52847.70000236 27.806
 21  58.258514  66.174973    36.310    36.310  2 52952.69995778 32.244
 22  58.264628  66.184941    38.173    36.237  3 52987.69997198 20.002
 23  58.268914  66.186321    48.510    46.869  3 53022.69996038  8.043
 24  58.262992  66.181962    43.637    43.853  3 53057.69995269  5.793
 25  58.263223  66.184251    65.522    65.522  2 53092.69999096  7.295
 26  58.260767  66.176855    35.312    35.312  2 53127.69996083 11.938
 28  58.261888  66.181490    35.900    35.894  3 53197.70002602 47.750
 29  58.269201  66.185697    36.264    36.591  3 53232.70000317 38.132
 30  58.271223  66.189587    38.710    38.733  3 53267.69997223 50.318
 31  58.255158  66.170882    35.825    35.825  2 53302.70002502 46.971
 32  58.264732  66.181950    38.874    38.079  3 53337.69999652 17.009
 33  58.271293  66.190149    39.927    40.062  3 53372.69993227 11.746
 34  58.261944  66.177979    43.582    43.625  3 53407.69996889  8.866
 35  58.269973  66.189477    42.497    43.220  3 53442.69995573  8.303
 36  58.258495  66.172781    66.310    66.221  3 53477.70002546  5.280
 38  58.261505  66.181796    36.800    36.794  3 53547.70005598 46.432
 39  58.267542  66.182234    36.353    36.318  3 53582.70002426 49.643
 40  58.269787  66.186731    35.415    35.471  3 53617.69998086 51.620
 41  58.261510  66.176320    43.844    43.844  2 53652.69999857 21.516
 42  58.258997  66.182225    48.518    48.518  2 53687.70000127 30.939
 43  58.271298  66.189995    36.832    36.809  3 53722.69992758 32.142
 44  58.261965  66.177815    41.986    42.420  3 53757.69986049 10.693
 45  58.266412  66.185639    44.139    43.616  3 53792.69988525  8.051
 47  58.259098  66.174258    35.391    35.391  2 53862.69993654 17.781
 49  58.259358  66.175866    43.147    43.147  2 53932.70000694 21.435
 50  58.261374  66.181792    36.220    36.173  3 53967.69998144 44.065
 52  58.261249  66.179900    38.210    38.224  3 54037.69998476 23.933
 53  58.265470  66.181530    37.497    36.217  3 54072.69997928 13.086
 54  58.270328  66.189550    57.366    57.681  3 54107.69992951  8.097
 55  58.260312  66.175852    61.157    61.157  2 54142.69991379  7.468
 56  58.268654  66.184558    58.436    57.974  3 54177.69991138  7.479
 57  58.259509  66.177309    39.904    39.904  2 54212.69992141 37.811
 60  58.266794  66.181558    36.153    36.132  3 54317.69995810 51.521
 62  58.261946  66.180516    45.085    45.239  3 54387.69989771 21.563
 63  58.265850  66.184928    36.923    36.939  3 54422.69987396 40.213
 64  58.259073  66.174602    41.477    41.477  2 54457.69987073 14.855
 65  58.266882  66.184401    52.256    55.719  3 54492.69987677 10.806
 67  58.269095  66.184957    58.086    54.672  3 54562.69988470  6.168
 68  58.263268  66.179884    43.668    43.590  3 54597.69988015 12.086
 70  58.263351  66.180245    36.885    36.868  3 54667.69989889 51.403
 71  58.269452  66.185849    38.873    39.955  3 54702.69986597 23.231
 72  58.258868  66.176479    44.796    44.166  3 54737.69985935 21.089
 73  58.267119  66.183814    39.647    39.537  3 54772.69984642 44.310
 74  58.259261  66.173763    36.318    36.318  2 54807.69985241 31.414
 75  58.265023  66.182725    43.473    43.498  4 54842.69984338  7.296
 76  58.259505  66.179462    64.487    62.909  3 54877.69985562  7.030
 77  58.269033  66.183941    53.645    50.582  3 54912.69984801  8.723
 78  58.257738  66.179483    65.610    65.610  2 54947.69984840  6.456
 79  58.261318  66.180650    56.644    56.692  3 54982.69987402 27.297
 80  58.264215  66.180441    37.441    36.937  3 55017.69987254 45.044
 81  58.266484  66.181181    36.631    36.309  3 55052.69986810 29.941
 82  58.269825  66.185575    36.380    36.414  3 55087.69983164 49.013
 84  58.265805  66.183941    36.454    36.428  3 55157.69979196 30.140
 85  58.259042  66.174400    42.543    42.543  2 55192.69979226 10.896
 86  58.265219  66.185535    48.858    46.105  3 55227.69979358  8.813
 87  58.263632  66.179429    43.949    44.156  3 55262.69978839  9.331
 88  58.269131  66.184955    66.209    66.123  3 55297.69977763  2.791
 90  58.264343  66.184183    39.006    38.918  3 55367.69976051 46.190
 91  58.260084  66.176173    36.411    36.457  3 55402.69977416 29.012
 92  58.264967  66.184937    37.304    37.088  3 55437.69977852 50.396
 93  58.269161  66.188499    48.089    44.855  3 55472.69972805 18.474
