# NaN NaN NaN ;Mean Elev.(m), Avg Gradient(m/km), RMS Gradient(m/km) - SRTM1     
#   13.080  -5.620  16.343 ;Mean Elev.(m), Avg Gradient(m/km), RMS Gradient(m/km) - ASTER GDEM
#   30.000  -5.610  11.216 ;Mean Elev.(m), Avg Gradient(m/km), RMS Gradient(m/km) - GMTED2010 
 11    29.324 52604.31536069 33.98  56.435164  66.341691 10.789
 11    29.480 52604.31536134 31.47  56.431884  66.338611 10.789
 12    30.325 52639.31534279 18.10  56.444662  66.331975  3.123
 12    30.313 52639.31534343 18.07  56.441392  66.328895  3.123
 12    30.281 52639.31534408 17.46  56.438112  66.325815  3.123
 12    29.715 52639.31534472 17.40  56.434842  66.322735  3.123
 13    31.842 52674.31533766 15.27  56.436977  66.339818  3.423
 13    31.766 52674.31533831 15.74  56.433697  66.336738  3.423
 14    33.245 52709.31535301 10.27  56.446112  66.334773  2.151
 14    33.342 52709.31535366 10.22  56.442842  66.331693  2.151
 14    31.982 52709.31535430 10.59  56.439562  66.328613  2.151
 16    35.399 52779.31531881 53.78  56.444422  66.327743 38.878
 16    35.514 52779.31531945 52.14  56.441142  66.324663 38.878
 16    35.636 52779.31532010 50.58  56.437872  66.321583 38.878
 16    35.438 52779.31532074 54.92  56.434602  66.318493 38.878
 16    35.688 52779.31532139 51.62  56.431332  66.315413 38.878
 17    53.146 52814.31540369 21.90  56.438342  66.324681 12.616
 17    33.424 52814.31540434 22.92  56.435062  66.321601 12.616
 17    33.363 52814.31540498 21.71  56.431792  66.318521 12.616
 18    27.491 52849.31545476 25.39  56.446822  66.333415 21.440
 18    27.529 52849.31545540 33.93  56.443542  66.330335 21.440
 18    27.644 52849.31545605 31.30  56.440272  66.327255 21.440
 18    27.717 52849.31545669 25.50  56.437002  66.324175 21.440
 18    27.879 52849.31545734 24.08  56.433722  66.321085 21.440
 20    33.512 52919.31544580 15.90  56.435365  66.340148 13.739
 20    32.681 52919.31544644 16.67  56.432095  66.337058 13.739
 22    31.522 52989.31541985 16.84  56.442982  66.328701  2.995
 22    30.376 52989.31542049 17.77  56.439702  66.325611  2.995
 22    30.052 52989.31542114 16.74  56.436432  66.322531  2.995
 22    30.680 52989.31542178 15.94  56.433162  66.319451  2.995
 24    31.850 53059.31540006 12.00  56.443737  66.327692  2.561
 24    31.256 53059.31540071 11.97  56.440467  66.324612  2.561
 24    30.369 53059.31540135 12.23  56.437187  66.321532  2.561
 24    30.869 53059.31540200 12.55  56.433917  66.318452  2.561
 24    31.051 53059.31540264 12.32  56.430647  66.315362  2.561
 25    32.730 53094.31543558 10.55  56.428627  66.343314  1.720
 25    32.468 53094.31543622 10.95  56.425347  66.340234  1.720
 26    27.490 53129.31541020 21.98  56.441631  66.324553 17.498
 26    27.443 53129.31541085 28.30  56.438351  66.321473 17.498
 26    27.670 53129.31541149 20.51  56.435081  66.318393 17.498
 26    27.409 53129.31541214 18.80  56.431811  66.315303 17.498
 28    27.736 53199.31547686 53.02  56.444851  66.339430 35.337
 28    27.818 53199.31547750 53.87  56.441581  66.336350 35.337
 28    27.914 53199.31547815 53.03  56.438301  66.333270 35.337
 29    30.206 53234.31544765 21.04  56.441997  66.335970 18.353
 29    27.209 53234.31544830 27.09  56.438727  66.332880 18.353
 30    29.585 53269.31541646 18.70  56.439651  66.320485 14.148
 30    32.684 53269.31541775 16.86  56.433101  66.314325 14.148
 31    27.493 53304.31547419 42.52  56.443908  66.339167 14.679
 31    27.519 53304.31547484 45.86  56.440628  66.336087 14.679
 31    27.603 53304.31547548 46.52  56.437358  66.333007 14.679
 32    28.058 53339.31544322 31.93  56.436796  66.339422  7.765
 32    30.782 53339.31544387 26.60  56.433526  66.336342  7.765
 33    31.913 53374.31537468 18.07  56.433110  66.342366  3.450
 33    32.110 53374.31537532 19.20  56.429830  66.339286  3.450
 34    32.354 53409.31541755 14.69  56.445899  66.335142  3.083
 34    31.720 53409.31541819 15.20  56.442619  66.332062  3.083
 34    31.346 53409.31541884 16.11  56.439347  66.328977  3.038
 35    31.862 53444.31539992 13.86  56.431207  66.344070  2.785
 35    31.734 53444.31540057 15.21  56.427937  66.340990  2.785
 36    32.759 53479.31547860  8.90  56.444112  66.339104  2.738
 36    32.688 53479.31547924  9.33  56.440832  66.336024  2.738
 36    32.546 53479.31547989  9.19  56.437562  66.332940  2.198
 38    32.418 53549.31550474 21.02  56.436461  66.342427 15.296
 38    28.497 53549.31550539 23.27  56.433191  66.339347 15.296
 40    26.876 53619.31542481 47.21  56.425811  66.343187 23.128
 40    27.300 53619.31542546 37.34  56.422531  66.340107 23.128
 43    28.557 53724.31537036 28.18  56.433171  66.343508  9.158
 43    28.557 53724.31537101 27.87  56.429891  66.340428  9.158
 47    27.530 53864.31538743 23.17  56.444108  66.335913 15.172
 47    27.506 53864.31538808 27.48  56.440838  66.332833 15.172
 48    34.187 53899.31541209 22.83  56.444691  66.338659 17.973
 48    34.623 53899.31541274 22.72  56.441421  66.335579 17.973
 48    35.002 53899.31541338 22.06  56.438146  66.332492 14.529
 49    27.782 53934.31545587 49.79  56.434416  66.341381 18.629
 49    27.660 53934.31545652 50.55  56.431146  66.338301 18.629
 52    28.507 54039.31543371 37.01  56.445738  66.332782 15.779
 52    28.587 54039.31543436 39.24  56.442468  66.329702 15.779
 52    28.494 54039.31543500 39.48  56.439188  66.326622 15.779
 52    28.593 54039.31543565 33.33  56.435918  66.323535 10.470
 52    28.402 54039.31543629 31.82  56.432648  66.320455 10.470
 53    28.772 54074.31542690 42.81  56.442439  66.341184 11.458
 53    29.184 54074.31542755 50.05  56.439159  66.338104 11.458
 53    29.381 54074.31542819 44.21  56.435889  66.335024 11.458
 54    31.546 54109.31537222 16.19  56.427985  66.343619  3.302
 54    32.188 54109.31537286 15.69  56.424715  66.340539  3.302
 55    33.003 54144.31536536 13.62  56.446235  66.335315  2.619
 55    32.127 54144.31536600 14.30  56.442955  66.332235  2.619
 55    31.291 54144.31536665 14.92  56.439685  66.329155  2.619
 57    27.933 54214.31537293 30.12  56.444845  66.336564 26.613
 57    27.962 54214.31537358 31.52  56.441565  66.333484 26.613
 57    28.053 54214.31537422 34.43  56.438295  66.330404 26.613
 59    31.625 54284.31540818 39.73  56.441221  66.338674 20.664
 59    31.861 54284.31540883 36.46  56.437951  66.335584 20.664
 60    28.271 54319.31540534 22.92  56.443342  66.340332 19.163
 60    32.623 54319.31540598 20.06  56.440062  66.337242 19.163
 60    28.459 54319.31540662 28.35  56.436792  66.334162 19.163
 62    28.702 54389.31534616 52.58  56.443101  66.337201 32.074
 62    28.441 54389.31534680 53.39  56.439831  66.334121 32.074
 63    29.232 54424.31531898 37.39  56.437028  66.339691 16.228
 63    29.089 54424.31531963 44.09  56.433758  66.336611 16.228
 64    31.743 54459.31532235 15.72  56.446072  66.332114  5.500
 64    31.204 54459.31532299 14.85  56.442792  66.329034  5.500
 64    31.493 54459.31532364 14.82  56.439522  66.325944  5.500
 64    31.521 54459.31532428 14.66  56.436252  66.322864  5.500
 64    31.584 54459.31532493 15.88  56.432982  66.319784  5.500
 65    31.729 54494.31532351 13.20  56.438289  66.340305  3.161
 65    32.013 54494.31532415 12.88  56.435020  66.337218  3.178
 66    31.946 54529.31533482 13.57  56.445598  66.334314  2.418
 66    32.155 54529.31533546 14.13  56.442318  66.331234  2.418
 66    31.537 54529.31533611 14.40  56.439048  66.328144  2.418
 67    32.023 54564.31533009 10.85  56.433346  66.342400  3.049
 67    32.099 54564.31533073 11.16  56.430076  66.339310  3.049
 68    28.905 54599.31532955 17.64  56.442990  66.338290  4.865
 68    29.015 54599.31533019 17.25  56.439710  66.335210  4.865
 68    28.827 54599.31533084 18.99  56.436440  66.332130  4.865
 71    27.905 54704.31531024 21.50  56.437328  66.341727 24.795
 71    28.095 54704.31531089 22.34  56.434058  66.338647 24.795
 72    28.620 54739.31531042 41.64  56.443664  66.332912 18.593
 72    28.876 54739.31531106 45.87  56.440384  66.329832 18.593
 72    29.041 54739.31531170 41.98  56.437114  66.326742 18.593
 73    31.333 54774.31529207 51.48  56.437493  66.339126 27.613
 73    30.101 54774.31529272 49.68  56.434223  66.336046 27.613
 74    28.793 54809.31530440 50.60  56.444076  66.330315 19.190
 74    28.675 54809.31530505 50.57  56.440806  66.327225 19.190
 74    28.650 54809.31530569 37.64  56.437526  66.324145 19.190
 74    28.683 54809.31530634 29.84  56.434256  66.321065 19.190
 74    28.826 54809.31530698 24.49  56.430986  66.317985 19.190
 75    31.972 54844.31529010 13.21  56.437737  66.339518  3.107
 75    31.733 54844.31529075 13.92  56.434467  66.336438  3.107
 76    31.726 54879.31530668 11.88  56.442755  66.336609  2.627
 76    31.241 54879.31530732 12.55  56.439475  66.333529  2.627
 77    31.060 54914.31529367 16.66  56.433531  66.343045  3.888
 77    32.147 54914.31529431 16.02  56.430261  66.339965  3.888
 78    33.352 54949.31529840 11.56  56.444194  66.338632  3.008
 78    33.009 54949.31529904 12.11  56.440914  66.335542  3.008
 78    32.941 54949.31529969 11.98  56.437644  66.332462  3.008
 79    34.958 54984.31532332 29.61  56.443023  66.340025 17.225
 79    34.740 54984.31532396 29.47  56.439743  66.336945 17.225
 79    35.285 54984.31532461 29.30  56.436473  66.333865 17.225
 80    32.854 55019.31531960 21.97  56.442321  66.339346 21.195
 80    32.590 55019.31532025 22.08  56.439051  66.336266 21.195
 80    28.535 55019.31532089 34.85  56.435771  66.333186 21.195
 81    27.034 55054.31531567 24.06  56.440130  66.339551 25.801
 81    29.525 55054.31531632 23.65  56.436860  66.336471 25.801
 83    28.905 55124.31525378 45.84  56.443398  66.334691 22.023
 83    28.966 55124.31525443 47.28  56.440118  66.331611 22.023
 84    28.589 55159.31523733 31.37  56.435905  66.340312 10.427
 84    28.536 55159.31523798 31.69  56.432635  66.337222 10.427
 85    31.197 55194.31524407 17.32  56.445881  66.332545  5.035
 85    31.232 55194.31524471 17.44  56.442601  66.329465  5.035
 85    30.858 55194.31524536 17.78  56.439331  66.326385  5.035
 85    30.353 55194.31524600 17.91  56.436061  66.323295  5.035
 85    30.245 55194.31524665 17.20  56.432781  66.320215  5.035
 86    31.618 55229.31523952 15.06  56.433660  66.340896  3.060
 86    32.189 55229.31524016 15.65  56.430390  66.337816  3.060
 87    31.592 55264.31523840 14.73  56.444791  66.338546  2.649
 87    31.339 55264.31523905 15.03  56.441521  66.335466  2.649
 87    31.275 55264.31523969 14.81  56.438241  66.332386  2.649
 88    31.496 55299.31522189 10.72  56.435877  66.342442  3.384
 88    31.610 55299.31522253 10.35  56.432597  66.339362  3.384
 90    29.222 55369.31520687 24.76  56.440980  66.339932 18.939
 90    30.865 55369.31520751 23.86  56.437710  66.336852 18.939
 90    29.576 55369.31520816 31.69  56.434430  66.333772 18.939
 91    28.357 55404.31522458 34.78  56.445072  66.334253 19.077
 91    27.711 55404.31522522 27.75  56.441802  66.331173 19.077
 91    27.743 55404.31522587 22.26  56.438532  66.328093 19.077
 92    33.120 55439.31522472 16.85  56.441487  66.341777 20.804
 92    32.342 55439.31522536 17.90  56.438217  66.338687 20.804
 92    32.016 55439.31522601 19.56  56.434947  66.335607 20.804
 93    28.956 55474.31517166 31.30  56.431827  66.340445 19.816
 93    28.865 55474.31517231 36.79  56.428557  66.337365 19.816
