# NaN NaN NaN ;Mean Elev.(m), Avg Gradient(m/km), RMS Gradient(m/km) - SRTM1     
#   17.871  -1.122   5.307 ;Mean Elev.(m), Avg Gradient(m/km), RMS Gradient(m/km) - ASTER GDEM
#    3.350  -0.055   3.713 ;Mean Elev.(m), Avg Gradient(m/km), RMS Gradient(m/km) - GMTED2010 
  7  51.875037  67.406483     1.058     1.081  6 52476.33112836 40.950
  8  51.874448  67.404707     4.219     4.355  7 52511.33107972 23.889
  9  51.869437  67.385271     4.946     4.946  2 52546.33110662 21.128
 10  51.877925  67.401849     2.448     2.466  4 52581.33112355 48.850
 11  51.874225  67.415762     2.210     2.128  4 52616.33109147 21.819
 12  51.870232  67.387261     4.141     4.141  2 52651.33107325 15.391
 13  51.875379  67.408218     3.049     3.205  7 52686.33106065 12.914
 14  51.877408  67.403662     3.698     3.808  7 52721.33111075 10.458
 16  51.870595  67.383137     7.658     7.658  2 52791.33108758 32.007
 17  51.870465  67.385223     3.980     3.978  3 52826.33115627 51.167
 18  51.869389  67.384266     4.585     4.553  3 52861.33120203 22.339
 19  51.874549  67.407198     2.618     2.339  7 52896.33122804 27.877
 20  51.874489  67.418548     2.571     2.926  3 52931.33117384 19.763
 21  51.869884  67.384132     0.599     0.594  3 52966.33117792 33.614
 22  51.873838  67.409051     2.934     2.866  7 53001.33120319 16.271
 23  51.876676  67.418430     2.794     2.818  4 53036.33115050 15.345
 24  51.876251  67.403414     4.129     4.088  7 53071.33117535 12.586
 25  51.874295  67.420896     3.211     2.788  3 53106.33115127  5.146
 26  51.869127  67.389871     1.309     1.309  2 53141.33118529 20.660
 27  51.876577  67.401507     6.334     6.341  6 53176.33121206 31.467
 28  51.876676  67.407297     2.628     2.448  7 53211.33123020 23.726
 29  51.874260  67.407549     2.815     2.623  6 53246.33119848 25.497
 30  51.869620  67.387459     4.797     4.797  2 53281.33118795 26.358
 31  51.867393  67.391019     1.188     1.188  2 53316.33119805 37.665
 32  51.875513  67.405177     3.586     3.580  7 53351.33116098 21.817
 33  51.870327  67.386496     4.124     4.124  2 53386.33115021 18.372
 34  51.868335  67.390895     3.659     3.696  3 53421.33115268 17.325
 35  51.870370  67.380522     4.139     4.108  3 53456.33115995 14.642
 36  51.875868  67.406825     4.503     4.479  7 53491.33124028 10.208
 37  51.868757  67.393019     7.002     7.002  2 53526.33122512 31.719
 38  51.872579  67.410645     1.022     1.027  6 53561.33125038 50.019
 39  51.874830  67.407080     0.517     0.520  6 53596.33118987 49.049
 40  51.870085  67.386623     5.192     5.192  2 53631.33118795 22.826
 41  51.875732  67.405097     3.287     3.498  7 53666.33120748 25.770
 42  51.875852  67.405500     2.275     2.281  7 53701.33115773 47.379
 43  51.874489  67.414863     2.289     2.234  4 53736.33106629 19.916
 44  51.869529  67.387930     4.170     4.170  2 53771.33107603 12.836
 45  51.874896  67.409544     2.899     2.914  6 53806.33106310 14.008
 47  51.868296  67.389843     5.128     5.128  2 53876.33113446 46.534
 48  51.877481  67.405797     4.278     4.219  7 53911.33118040 27.370
 49  51.875097  67.412970     4.319     4.281  6 53946.33119707 20.684
 50  51.875747  67.413757     2.305     2.284  5 53981.33114194 26.115
 51  51.870670  67.383508     4.899     4.713  3 54016.33116983 23.448
 52  51.869165  67.388743     1.561     1.561  2 54051.33116817 25.180
 53  51.875413  67.406996     0.833     0.855  6 54086.33115685 24.026
 54  51.875416  67.423208     2.329     2.426  3 54121.33107933 16.561
 55  51.875145  67.402762     3.219     3.195  7 54156.33111711 13.063
 56  51.875685  67.417403     0.725     0.432  4 54191.33107844 14.872
 57  51.876238  67.400900     3.848     3.846  4 54226.33112867 43.925
 58  51.876460  67.401528     5.997     5.985  4 54261.33114826 30.596
 59  51.876503  67.403768     3.715     3.749  8 54296.33115236 27.128
 60  51.876346  67.407838     1.220     1.213  7 54331.33114314 36.936
 61  51.874354  67.415324     3.867     3.793  4 54366.33108483 21.491
 62  51.876350  67.403150     3.001     3.116  7 54401.33108623 24.972
 63  51.872314  67.409933     1.717     1.715  6 54436.33104244 24.814
 64  51.870266  67.389118     4.397     4.397  2 54471.33107329 12.754
 65  51.875990  67.414411     2.713     2.670  5 54506.33105419 13.579
 66  51.877259  67.403516     3.598     3.650  7 54541.33108529 13.268
 67  51.875326  67.414933     0.231     0.228  5 54576.33105561 18.618
 68  51.875724  67.403183     3.764     3.783  7 54611.33107690 41.302
 69  51.876176  67.404246     5.141     5.088  7 54646.33108412 28.966
 70  51.875098  67.405678     1.970     2.481  7 54681.33108483 42.114
 71  51.875417  67.415321     3.994     3.906  5 54716.33103240 20.806
 72  51.867502  67.391256     5.209     5.209  2 54751.33105912 21.839
 73  51.873802  67.409530     2.327     1.895  6 54786.33102319 25.933
 74  51.868619  67.390406     2.522     2.188  3 54821.33105275 18.334
 75  51.873779  67.407953     2.872     3.011  7 54856.33101958 14.030
 76  51.874890  67.406080     2.827     2.796  6 54891.33105347 14.163
 77  51.875387  67.418465     2.264     2.257  3 54926.33101622 15.760
 78  51.883039  67.406582     0.802     0.894  5 54961.33105145 21.024
 79  51.874505  67.405144     6.406     6.423  7 54996.33107340 31.574
 80  51.876300  67.405811     2.630     3.134  7 55031.33106294 27.550
 81  51.875871  67.408046     1.759     2.132  7 55066.33105214 25.713
 82  51.875681  67.419967     3.458     3.286  4 55101.33099146 19.991
 83  51.877060  67.400527     1.766     1.759  4 55136.33099945 46.230
 84  51.874458  67.411441     2.928     2.895  6 55171.33095998 23.375
 85  51.867483  67.391208     3.951     3.951  2 55206.33099492 15.846
 86  51.875194  67.415244     2.790     2.481  5 55241.33096498 16.228
 87  51.875539  67.407425     3.226     3.299  7 55276.33098579 14.610
 88  51.874999  67.413766     1.569     0.536  5 55311.33094955 22.912
 89  51.877782  67.405978     5.144     5.109  7 55346.33095530 29.287
 90  51.875221  67.408442     2.648     3.065  7 55381.33094734 27.364
 91  51.868879  67.390941     1.760     1.760  2 55416.33097752 28.171
 92  51.874276  67.408805     1.528     0.988  6 55451.33095805 27.678
 93  51.873956  67.416700     1.550     1.528  4 55486.33088042 51.312
