# NaN NaN NaN ;Mean Elev.(m), Avg Gradient(m/km), RMS Gradient(m/km) - SRTM1     
#   15.797  -3.063   5.802 ;Mean Elev.(m), Avg Gradient(m/km), RMS Gradient(m/km) - ASTER GDEM
#   39.779  -3.166   5.531 ;Mean Elev.(m), Avg Gradient(m/km), RMS Gradient(m/km) - GMTED2010 
  6  53.960952  65.459215    22.296    22.306  3 52420.71372381 22.625
  7  53.967606  65.458122    20.600    20.688  3 52455.71374696 46.255
 10  53.962032  65.457752    17.792    17.787  3 52560.71374918 44.846
 11  53.963032  65.459728    19.429    19.465  3 52595.71375865 23.692
 12  53.959877  65.459200    18.627    18.504  3 52630.71369429 18.468
 15  53.976702  65.460275    70.540    70.540  2 52735.71372699  4.811
 18  53.958862  65.460225    17.686    17.719  3 52840.71381210 48.793
 20  53.981246  65.461661    19.698    19.685  3 52910.71381808 50.930
 23  53.973034  65.460582    17.170    17.170  2 53015.71380619 18.094
 24  53.960426  65.458037    17.002    16.961  3 53050.71378177 18.156
 25  53.966866  65.460688    68.156    70.055  3 53085.71381832 10.479
 26  53.957397  65.459986    70.238    70.361  3 53120.71378869  3.284
 27  53.957393  65.459364    25.978    25.978  2 53155.71384240 49.689
 28  53.972947  65.459981    19.729    19.729  2 53190.71383303 50.986
 29  53.973438  65.461633    16.471    16.471  2 53225.71384052 22.230
 30  53.974332  65.461637    17.004    17.004  2 53260.71381477 23.538
 31  53.953886  65.457670    19.237    19.373  3 53295.71384521 16.398
 32  53.968739  65.460091    17.509    17.509  2 53330.71381789 30.766
 33  53.981180  65.461204    17.179    17.179  3 53365.71376603 23.889
 34  53.961511  65.459998    16.667    16.683  3 53400.71379226 22.872
 35  53.977631  65.461143    16.768    16.768  2 53435.71378178 15.261
 36  53.958624  65.457935    18.545    18.802  3 53470.71382935  5.461
 38  53.965568  65.460745    19.291    19.360  3 53540.71386912 20.916
 39  53.971595  65.460803    17.584    17.584  2 53575.71386117 50.561
 40  53.978018  65.461548    17.308    17.308  2 53610.71381229 49.661
 41  53.956863  65.459975    18.562    18.543  3 53645.71381622 50.175
 42  53.965195  65.460709    19.080    18.934  3 53680.71383282 23.874
 43  53.979245  65.461977    16.911    16.911  2 53715.71376051 43.746
 44  53.958719  65.460545    17.786    17.774  3 53750.71367804 18.739
 45  53.974881  65.460621    17.051    17.051  2 53785.71370792 17.965
 46  53.988338  65.461006    16.831    16.806  3 53820.71366544 19.837
 47  53.958677  65.458289    16.032    16.045  3 53855.71375167 18.543
 48  53.969995  65.460877    23.627    23.626  3 53890.71376274 42.023
 49  53.956228  65.458581    17.794    17.775  3 53925.71382644 49.126
 50  53.968173  65.459934    19.755    19.755  2 53960.71381370 42.195
 52  53.960832  65.460270    16.428    16.460  3 54030.71380696 50.101
 54  53.977906  65.460852    18.745    18.745  2 54100.71376374 23.568
 55  53.959510  65.458971    17.798    17.811  3 54135.71372680 19.588
 57  53.958217  65.458232    17.323    17.336  3 54205.71373141 15.748
 62  53.959900  65.461001    19.108    19.108  2 54380.71371867 20.375
 63  53.973334  65.459924    18.584    18.584  2 54415.71370508 44.570
 64  53.957341  65.459651    17.946    18.011  3 54450.71368664 24.862
 65  53.969475  65.460192    17.937    17.937  2 54485.71370094 17.083
 66  53.963343  65.459222    18.839    19.143  3 54520.71369978 14.719
 67  53.975619  65.460653    16.880    16.880  2 54555.71371187 13.600
 69  53.970217  65.460068    23.437    23.437  2 54625.71371215 25.533
 70  53.964071  65.460423    18.291    18.182  3 54660.71372053 23.500
 71  53.974519  65.461199    17.694    17.694  2 54695.71369830 44.662
 72  53.960693  65.459891    18.129    17.972  3 54730.71367597 18.000
 73  53.968541  65.459836    18.291    18.413  3 54765.71367659 20.345
 74  53.956572  65.460269    18.475    18.443  3 54800.71366980 32.245
 75  53.969256  65.460093    18.533    18.533  2 54835.71366838 14.291
 76  53.959322  65.459216    18.273    18.248  3 54870.71366725 13.165
 77  53.976660  65.460156    17.345    17.345  2 54905.71367651 17.131
 78  53.961546  65.458883    17.549    17.562  3 54940.71365930 12.057
 80  53.970274  65.459891    21.899    21.899  2 55010.71369914 20.948
 81  53.967104  65.459523    17.180    17.180  2 55045.71369032 31.439
 82  53.978023  65.460754    16.862    16.853  3 55080.71366446 41.643
 83  53.962124  65.460068    19.543    19.428  3 55115.71362252 13.278
 84  53.968046  65.460513    17.889    17.854  3 55150.71362147 36.374
 85  53.958682  65.459296    18.239    17.958  3 55185.71360755 16.686
 86  53.969745  65.461081    17.209    17.133  3 55220.71361970 17.127
 87  53.962825  65.460063    17.747    17.529  3 55255.71360347 14.830
 91  53.961477  65.459431    17.533    17.537  3 55395.71359196 46.747
 92  53.968477  65.459916    16.761    16.761  2 55430.71360150 20.675
