# NaN NaN NaN ;Mean Elev.(m), Avg Gradient(m/km), RMS Gradient(m/km) - SRTM1     
#   -7.748  -3.133   6.278 ;Mean Elev.(m), Avg Gradient(m/km), RMS Gradient(m/km) - ASTER GDEM
#   29.967  -2.143   4.501 ;Mean Elev.(m), Avg Gradient(m/km), RMS Gradient(m/km) - GMTED2010 
  8  52.210281  65.788125    10.204    10.222  4 52493.71777884 49.103
  9  52.199210  65.774249    12.442    12.466  5 52528.71775811 43.920
 10  52.205419  65.781228    13.058    14.346  3 52563.71779167 36.854
 11  52.209011  65.777771    11.449    11.456  4 52598.71781403 35.617
 12  52.204425  65.773702    12.208    12.362  4 52633.71776347 20.514
 13  52.208773  65.779099    12.687    12.955  4 52668.71777836 17.697
 14  52.208254  65.775605    12.894    12.938  4 52703.71775863 15.433
 15  52.210838  65.783541    15.300    15.296  3 52738.71779819  8.424
 16  52.213137  65.793646    14.759    14.785  5 52773.71775342 44.072
 17  52.201053  65.773459    14.720    14.713  4 52808.71781925 51.586
 18  52.203107  65.774685    12.210    12.640  6 52843.71787668 36.177
 19  52.207712  65.775351    12.385    12.377  4 52878.71791478 28.730
 20  52.209856  65.795113    13.593    15.138  5 52913.71787627 24.120
 21  52.200220  65.776365     9.318     9.309  5 52948.71783146 44.174
 23  52.208577  65.789089    14.343    14.907  5 53018.71785682 12.689
 24  52.210545  65.772594    13.629    13.423  4 53053.71783693 13.715
 25  52.211349  65.780169    14.661    14.578  4 53088.71787538 10.840
 26  52.205804  65.774753    11.810    11.748  4 53123.71784483 11.552
 27  52.203864  65.774266    17.530    17.473  4 53158.71790319 29.899
 28  52.206357  65.787144    13.857    14.729  5 53193.71789991 34.635
 29  52.209696  65.786875     9.069     8.911  4 53228.71789405 47.699
 30  52.211101  65.790102     9.827     9.831  5 53263.71786676 49.214
 31  52.200003  65.772380    10.617    10.615  4 53298.71790593 47.319
 32  52.210041  65.779442    11.158    10.528  4 53333.71787792 30.373
 33  52.212372  65.793404    14.070    14.494  5 53368.71782244 18.839
 34  52.207186  65.776791    13.416    13.525  4 53403.71785026 14.627
 35  52.209007  65.792096    14.266    15.015  5 53438.71784121 14.725
 36  52.204536  65.773874    13.959    14.054  4 53473.71789627  8.261
 37  52.209547  65.777817    16.911    16.891  4 53508.71791961 50.697
 38  52.212012  65.775415    13.531    13.703  3 53543.71793116 26.628
 39  52.206767  65.788636     9.722     9.699  5 53578.71791535 30.867
 40  52.216768  65.782934     9.514     9.506  4 53613.71786747 44.743
 41  52.206041  65.776992    11.049    11.042  4 53648.71787258 44.488
 42  52.209170  65.777583    12.494    12.382  4 53683.71788713 36.660
 43  52.210891  65.792657     9.270     9.350  5 53718.71781674 36.919
 44  52.207070  65.777459    10.938    10.228  4 53753.71773588 20.890
 45  52.207755  65.788940    13.532    14.529  5 53788.71776797 15.470
 46  52.198402  65.776248    11.957    12.976  5 53823.71772126 18.276
 47  52.204088  65.775455     9.221     9.210  4 53858.71781367 30.979
 48  52.209735  65.778387    15.970    15.974  4 53893.71782978 50.255
 49  52.204603  65.773919    12.696    12.828  4 53928.71788605 23.950
 50  52.210110  65.779321    11.651    11.620  4 53963.71786787 42.625
 51  52.198416  65.772149    12.564    12.686  6 53998.71781751 24.794
 52  52.208585  65.777164     9.163     9.195  4 54033.71786547 43.982
 54  52.212497  65.789631    14.777    15.266  4 54103.71781894 16.152
 55  52.205910  65.775636    13.673    13.628  4 54138.71778928 12.430
 56  52.208365  65.788283    14.907    15.009  5 54173.71779722 11.617
 57  52.208115  65.771924    10.426     9.468  5 54208.71779455 30.728
 58  52.209401  65.778983    16.229    16.224  4 54243.71782739 53.143
 59  52.208812  65.779329    16.177    16.162  4 54278.71784008 49.912
 60  52.212955  65.779686    11.359    11.363  4 54313.71784001 31.270
 61  52.217351  65.783223    13.015    12.696  4 54348.71781106 28.125
 62  52.207588  65.776489    11.369    11.346  4 54383.71777740 34.019
 63  52.210447  65.786276    10.342    10.404  4 54418.71776121 45.794
 64  52.205802  65.771557    10.999    10.366  5 54453.71774713 23.395
 65  52.206395  65.787368    13.819    14.608  5 54488.71776027 14.887
 66  52.207892  65.777607    13.722    13.637  4 54523.71776118 12.975
 67  52.209015  65.788047     9.115     8.949  5 54558.71776994 25.627
 68  52.209911  65.777748    13.426    13.206  4 54593.71775736 11.543
 69  52.210861  65.779163    17.215    17.222  4 54628.71777222 47.874
 70  52.209105  65.776624    10.846    10.828  4 54663.71777899 36.152
 71  52.217388  65.783388    10.538    10.480  4 54698.71775290 44.583
 72  52.205316  65.774627    10.688    10.626  4 54733.71773642 31.845
 73  52.205248  65.787355    11.542    11.505  5 54768.71773354 44.512
 74  52.207613  65.771803    11.698    11.182  5 54803.71772967 33.204
 75  52.210628  65.779698    13.776    13.764  4 54838.71772581 14.594
 76  52.207443  65.775389    13.272    13.185  4 54873.71772993 13.807
 77  52.212655  65.786176    13.833    14.750  3 54908.71773354 14.177
 78  52.208528  65.771994    13.579    13.688  5 54943.71772227  9.717
 79  52.209525  65.779097    15.889    15.881  4 54978.71775063 42.854
 80  52.210835  65.779350    13.617    13.212  4 55013.71775589 39.228
 81  52.209768  65.779499    10.882    10.408  4 55048.71774919 32.437
 82  52.209436  65.792979    10.547     9.745  5 55083.71772085 28.797
 83  52.206421  65.776154    12.675    12.248  4 55118.71768024 35.265
 84  52.205645  65.787166    10.123    10.292  5 55153.71767865 38.108
 85  52.201054  65.778668    12.763    13.196  5 55188.71766977 17.999
 86  52.212641  65.779725    13.524    13.687  4 55223.71767638 17.576
 87  52.206429  65.781047    12.136    13.096  3 55258.71766583 16.692
 88  52.209991  65.789335    13.379    14.353  5 55293.71766538 10.841
 89  52.209099  65.777537    15.744    15.744  4 55328.71764816 51.997
 90  52.207459  65.787765    14.504    14.117  5 55363.71764484 43.245
 91  52.204639  65.775806    10.208    10.157  4 55398.71765234 50.031
 92  52.211893  65.780421    10.033    10.021  4 55433.71765950 48.795
 93  52.212160  65.793121    11.163    11.177  5 55468.71761807 49.392
