# NaN NaN NaN ;Mean Elev.(m), Avg Gradient(m/km), RMS Gradient(m/km) - SRTM1     
#  -10.923   0.493   5.571 ;Mean Elev.(m), Avg Gradient(m/km), RMS Gradient(m/km) - ASTER GDEM
#   28.560   0.177   1.188 ;Mean Elev.(m), Avg Gradient(m/km), RMS Gradient(m/km) - GMTED2010 
  7    13.397 52454.32546706 40.78  52.301216  65.816701 16.017
  7    13.439 52454.32546771 42.72  52.298066  65.813611 16.017
  9    22.653 52524.32541931 15.79  52.302930  65.824204 22.035
  9    21.834 52524.32541995 17.85  52.299780  65.821114 22.035
  9    12.548 52524.32542060 19.18  52.296630  65.818024 22.035
  9    11.441 52524.32542124 23.32  52.293480  65.814934 22.035
  9    13.927 52524.32542189 20.40  52.290330  65.811834 22.035
  9    14.114 52524.32542253 24.55  52.287180  65.808744 22.035
  9    14.237 52524.32542318 20.84  52.284030  65.805654 22.035
  9    11.821 52524.32542382 27.72  52.280880  65.802564 22.035
 11    11.103 52594.32547293 29.07  52.303835  65.821500 14.416
 11    11.161 52594.32547357 28.74  52.300685  65.818410 14.416
 11    11.108 52594.32547422 30.60  52.297535  65.815320 14.416
 11    11.314 52594.32547486 35.04  52.294385  65.812230 14.416
 11    11.395 52594.32547551 37.24  52.291225  65.809130 14.416
 16    10.322 52769.32543132 32.94  52.297988  65.823647 28.235
 16    10.401 52769.32543261 36.02  52.291687  65.817459 24.659
 16    10.556 52769.32543326 40.61  52.288537  65.814369 24.659
 16    10.487 52769.32543390 36.24  52.285387  65.811279 24.659
 16    10.638 52769.32543454 32.85  52.282237  65.808189 24.659
 16    10.603 52769.32543519 35.42  52.279087  65.805089 24.659
 16    10.763 52769.32543583 33.18  52.275937  65.801999 24.659
 16    14.449 52769.32543648 31.38  52.272787  65.798909 24.659
 23    13.041 53014.32552541 11.63  52.302621  65.820987  3.097
 23    12.562 53014.32552605 12.42  52.299461  65.817897  3.097
 23    15.124 53014.32552670 10.46  52.296311  65.814807  3.097
 23    13.953 53014.32552734 10.58  52.293161  65.811707  3.097
 23    14.131 53014.32552799 10.68  52.290011  65.808617  3.097
 23    14.199 53014.32552863  9.60  52.286861  65.805527  3.097
 25    16.759 53084.32553328  9.80  52.299345  65.822304  2.266
 25    16.479 53084.32553392  9.86  52.296195  65.819214  2.266
 25    15.879 53084.32553457  9.72  52.293045  65.816124  2.266
 25    15.899 53084.32553521  9.59  52.289895  65.813034  2.266
 25    14.787 53084.32553586 10.16  52.286745  65.809944  2.266
 25    14.969 53084.32553650 10.28  52.283595  65.806854  2.266
 25    14.698 53084.32553715 10.25  52.280445  65.803754  2.266
 25    16.091 53084.32553779 10.19  52.277295  65.800664  2.266
 30     8.997 53259.32553243 31.04  52.299628  65.825289 20.877
 30     9.283 53259.32553372 27.97  52.293318  65.819109 20.877
 30     9.265 53259.32553437 29.86  52.290168  65.816019 20.877
 30     9.261 53259.32553501 31.95  52.287018  65.812919 20.877
 30     9.241 53259.32553566 30.30  52.283868  65.809829 20.877
 30     9.106 53259.32553630 26.85  52.280718  65.806739 20.877
 30    13.825 53259.32553695 22.80  52.277568  65.803649 20.877
 30    13.869 53259.32553759 22.02  52.274418  65.800559 20.877
 30     9.495 53259.32553824 30.85  52.271278  65.797459 20.877
 33     9.993 53364.32548316 15.94  52.303812  65.820002  3.385
 33    10.571 53364.32548380 16.18  52.300662  65.816912  3.385
 33    12.934 53364.32548445 16.09  52.297502  65.813822  3.385
 33    13.480 53364.32548509 15.18  52.294352  65.810732  3.385
 35    12.921 53434.32549780 11.15  52.302027  65.818327  3.277
 35    13.205 53434.32549844 10.88  52.298867  65.815237  3.277
 35    13.684 53434.32549909 10.74  52.295727  65.812147  3.277
 37    12.803 53504.32558353 44.03  52.303788  65.818919 28.666
 37    12.946 53504.32558417 39.90  52.300638  65.815829 28.666
 37    12.844 53504.32558482 41.33  52.297488  65.812739 28.666
 39     9.416 53574.32557881 45.63  52.301590  65.821052 37.270
 39     9.564 53574.32557945 41.73  52.298440  65.817962 37.270
 39     9.664 53574.32558009 45.52  52.295290  65.814872 37.270
 39     9.704 53574.32558074 49.72  52.292140  65.811782 37.270
 39     9.644 53574.32558138 48.47  52.288990  65.808692 37.270
 39     9.609 53574.32558203 47.27  52.285840  65.805592 37.270
 40     9.183 53609.32552865 29.59  52.297478  65.823159 21.241
 40     9.410 53609.32552930 25.93  52.294328  65.820069 21.241
 40     9.444 53609.32552994 27.61  52.291168  65.816979 21.241
 40     9.636 53609.32553059 29.60  52.288018  65.813889 21.241
 40     9.578 53609.32553123 27.58  52.284868  65.810799 21.241
 40    10.914 53609.32553188 22.90  52.281728  65.807699 21.241
 40    14.446 53609.32553252 19.34  52.278578  65.804609 21.241
 40    13.789 53609.32553317 21.70  52.275428  65.801519 21.241
 40    11.331 53609.32553381 29.18  52.272278  65.798429 21.241
 42    10.953 53679.32554960 35.59  52.301089  65.818927 30.545
 42    10.944 53679.32555025 36.60  52.297939  65.815837 30.545
 42    11.085 53679.32555089 35.23  52.294789  65.812747 30.545
 42    11.075 53679.32555154 40.19  52.291639  65.809657 30.545
 42    11.191 53679.32555218 47.62  52.288489  65.806567 30.545
 43     8.665 53714.32547747 52.20  52.303647  65.820555 29.679
 43     8.655 53714.32547812 48.19  52.300497  65.817465 29.679
 43     8.830 53714.32547876 47.48  52.297337  65.814375 29.679
 43     8.813 53714.32547940 45.84  52.294187  65.811285 29.679
 46    16.188 53819.32538370 13.61  52.298619  65.823376  2.982
 46    16.036 53819.32538435 13.00  52.295469  65.820286  2.982
 46    13.885 53819.32538499 13.06  52.292319  65.817186  2.982
 46    14.000 53819.32538564 12.88  52.289169  65.814096  2.982
 46    13.442 53819.32538628 13.52  52.286019  65.811006  2.982
 46    12.931 53819.32538693 15.63  52.282869  65.807916  2.982
 46    13.992 53819.32538757 13.97  52.279719  65.804826  2.982
 46    15.157 53819.32538821 12.87  52.276579  65.801726  2.982
 46    16.119 53819.32538886 12.49  52.273429  65.798636  2.982
 49    10.204 53924.32554049 48.57  52.301774  65.818732 31.350
 49    10.303 53924.32554113 46.48  52.298614  65.815642 31.350
 49    10.272 53924.32554178 48.75  52.295464  65.812552 31.350
 49    10.246 53924.32554242 50.74  52.292314  65.809462 31.350
 50    22.227 53959.32553017 14.39  52.300684  65.823705 23.573
 50    13.568 53959.32553081 15.67  52.297534  65.820615 23.573
 50    12.608 53959.32553146 19.86  52.294384  65.817515 23.573
 50    12.834 53959.32553210 20.78  52.291224  65.814425 23.573
 50    13.840 53959.32553275 22.32  52.288074  65.811335 23.573
 50    14.029 53959.32553339 20.64  52.284924  65.808245 23.573
 50    15.068 53959.32553404 20.22  52.281774  65.805155 23.573
 50    14.524 53959.32553468 21.94  52.278624  65.802055 23.573
 50    12.970 53959.32553533 28.81  52.275484  65.798965 23.573
 54     9.927 54099.32548087 18.88  52.302279  65.823196  8.847
 54    10.151 54099.32548151 25.96  52.299119  65.820106  8.847
 54    10.169 54099.32548216 32.11  52.295969  65.817006  8.847
 54    10.197 54099.32548280 28.48  52.292819  65.813916  8.847
 54    10.209 54099.32548345 22.76  52.289669  65.810826  8.847
 54    11.449 54099.32548409 15.31  52.286519  65.807736  8.847
 54    13.597 54099.32548474 13.06  52.283369  65.804646  8.847
 54    14.017 54099.32548538 12.81  52.280229  65.801546  8.847
 61    10.946 54344.32547377 42.12  52.301210  65.820822 19.544
 61    11.022 54344.32547441 37.86  52.298060  65.817732 19.544
 61    10.991 54344.32547506 35.72  52.294910  65.814632 19.544
 61    11.076 54344.32547570 43.04  52.291750  65.811542 19.544
 61    11.143 54344.32547635 36.39  52.288600  65.808452 19.544
 61    11.245 54344.32547699 37.37  52.285460  65.805362 19.544
 67     9.274 54554.32542806 19.88  52.301571  65.819990 11.543
 67     9.923 54554.32542870 16.01  52.298421  65.816900 11.543
 67     8.953 54554.32542935 17.06  52.295271  65.813810 11.543
 67     9.136 54554.32542999 17.88  52.292121  65.810720 11.543
 67     9.155 54554.32543064 23.02  52.288961  65.807620 11.543
 71     9.251 54694.32541565 40.24  52.302535  65.817351 30.288
 71     9.195 54694.32541630 51.74  52.299385  65.814261 30.288
 77    13.759 54904.32539310 12.41  52.300738  65.822175  2.669
 77    12.895 54904.32539375 12.57  52.297588  65.819085  2.669
 77    12.255 54904.32539439 12.38  52.294438  65.815995  2.669
 77    13.414 54904.32539503 12.06  52.291288  65.812905  2.669
 77    13.064 54904.32539568 12.59  52.288128  65.809805  2.669
 77    13.806 54904.32539632 12.54  52.284988  65.806715  2.669
 77    14.379 54904.32539697 12.71  52.281838  65.803625  2.669
 77    14.236 54904.32539761 12.80  52.278688  65.800535  2.669
 82     9.381 55079.32538123 23.25  52.303952  65.822409 21.264
 82     9.486 55079.32538187 24.63  52.300802  65.819309 21.264
 82     9.346 55079.32538251 26.82  52.297652  65.816219 21.264
 82     9.795 55079.32538316 24.41  52.294492  65.813129 21.264
 82    14.150 55079.32538380 24.35  52.291342  65.810039 21.264
 82    14.066 55079.32538445 26.51  52.288192  65.806949 21.264
 88    18.690 55289.32532491 10.73  52.300778  65.821764  4.293
 88    22.143 55289.32532556  9.51  52.297628  65.818674  4.293
 88    13.463 55289.32532620 12.06  52.294468  65.815584  4.293
 88    10.209 55289.32532685 11.59  52.291318  65.812494  4.293
 88     9.775 55289.32532749 11.47  52.288168  65.809404  4.293
 88     9.255 55289.32532814 13.63  52.285018  65.806304  4.293
 88     9.210 55289.32532878 12.96  52.281878  65.803214  4.293
 93    13.461 55464.32527955 20.16  52.303137  65.822861 18.457
 93    12.839 55464.32528019 18.57  52.299987  65.819761 18.457
 93    11.003 55464.32528084 22.47  52.296827  65.816671 18.457
 93    11.686 55464.32528148 22.21  52.293677  65.813581 18.457
 93    13.989 55464.32528213 23.35  52.290527  65.810491 18.457
 93    14.014 55464.32528277 26.08  52.287387  65.807401 18.457
 93    14.223 55464.32528342 23.79  52.284237  65.804301 18.457
