# NaN NaN NaN ;Mean Elev.(m), Avg Gradient(m/km), RMS Gradient(m/km) - SRTM1     
#   11.200  -1.406   5.246 ;Mean Elev.(m), Avg Gradient(m/km), RMS Gradient(m/km) - ASTER GDEM
#    3.000  -1.290   2.830 ;Mean Elev.(m), Avg Gradient(m/km), RMS Gradient(m/km) - GMTED2010 
  7     0.275 52468.70826904 26.58  53.469134  67.884673 22.856
  7    -0.072 52468.70826969 20.23  53.465444  67.887723 22.856
  7    -0.047 52468.70827033 16.51  53.461754  67.890773 22.856
  7     1.517 52468.70827098 17.56  53.458064  67.893813 22.856
  8    -0.940 52503.70825643 15.80  53.474657  67.883614 19.894
  8    -1.260 52503.70825708 15.10  53.470967  67.886664 19.894
  8    -1.534 52503.70825772 13.79  53.467277  67.889714 19.894
  8    -1.769 52503.70825836 13.35  53.463587  67.892754 19.894
  9     0.830 52538.70824121 14.40  53.451802  67.884289 35.025
  9     0.433 52538.70824185 16.45  53.448100  67.887344 23.579
  9     0.742 52538.70824250 20.84  53.444410  67.890384 23.579
 10    -0.500 52573.70828273 43.39  53.462659  67.885452 13.664
 10    -0.501 52573.70828337 46.10  53.458969  67.888502 13.664
 10    -0.535 52573.70828402 37.58  53.455279  67.891552 13.664
 11    -0.320 52608.70824136 18.54  53.474259  67.886517  2.734
 11    -0.341 52608.70824201 18.54  53.470569  67.889567  2.734
 11    -0.531 52608.70824265 18.61  53.466879  67.892617  2.734
 12    -0.115 52643.70823564 13.36  53.460225  67.884357  2.294
 12    -0.237 52643.70823629 13.41  53.456535  67.887407  2.294
 12    -0.365 52643.70823693 13.95  53.452845  67.890447  2.294
 13     0.213 52678.70821629 11.23  53.480699  67.885387  2.174
 13    -0.022 52678.70821693 11.88  53.477009  67.888437  2.174
 13    -0.373 52678.70821758 11.24  53.473319  67.891487  2.174
 13    -0.528 52678.70821822 11.92  53.469629  67.894537  2.174
 15     0.271 52748.70828302 37.35  53.468474  67.885682 21.723
 15     0.164 52748.70828367 29.81  53.464784  67.888732 21.723
 15    -0.513 52748.70828431 20.38  53.461104  67.891779 19.161
 16     2.943 52783.70822408 25.14  53.451176  67.882334 23.546
 16     2.642 52783.70822472 23.16  53.447476  67.885384 23.546
 16     2.818 52783.70822537 25.87  53.443786  67.888424 23.546
 16     3.208 52783.70822601 34.98  53.440099  67.891468 39.202
 17     1.040 52818.70830149 16.60  53.450842  67.884233 37.501
 17     0.885 52818.70830213 18.57  53.447152  67.887283 37.501
 17     2.656 52818.70830278 16.13  53.443459  67.890329 26.318
 18    -0.230 52853.70835034 51.91  53.463356  67.883682 44.324
 18    -0.310 52853.70835098 52.72  53.459666  67.886732 44.324
 18    -0.363 52853.70835163 53.22  53.455966  67.889772 44.324
 18    -0.209 52853.70835227 51.42  53.452282  67.892821 44.169
 20     0.739 52923.70833802 18.23  53.479681  67.885884 20.947
 20     0.469 52923.70833867 16.11  53.476001  67.888934 20.947
 20     0.019 52923.70833931 17.42  53.472311  67.891984 20.947
 21     0.409 52958.70830430 30.05  53.464486  67.883040  6.230
 21     0.409 52958.70830495 32.14  53.460796  67.886090  6.230
 21     0.444 52958.70830559 32.26  53.457106  67.889130  6.230
 21     0.463 52958.70830624 30.95  53.453415  67.892176  5.814
 22    -0.144 52993.70833261 18.28  53.466409  67.884511  2.899
 22    -0.296 52993.70833325 17.88  53.462719  67.887561  2.899
 22    -0.283 52993.70833389 17.69  53.459029  67.890601  2.899
 23    -0.098 53028.70829660 11.05  53.486025  67.884799  2.060
 23    -0.307 53028.70829724 11.20  53.482335  67.887849  2.060
 23    -0.220 53028.70829789 11.37  53.478645  67.890899  2.060
 23    -0.485 53028.70829853 11.25  53.474955  67.893949  2.060
 24    -0.285 53063.70830470 10.88  53.471882  67.883542  2.110
 24    -0.342 53063.70830534 11.20  53.468192  67.886592  2.110
 24    -0.382 53063.70830599 11.44  53.464502  67.889632  2.110
 24    -0.177 53063.70830663 11.02  53.460812  67.892681  2.113
 25     0.202 53098.70831948 10.30  53.475580  67.885611  1.805
 25     0.696 53098.70832012  9.96  53.471900  67.888661  1.805
 25     0.666 53098.70832077  9.80  53.468210  67.891711  1.805
 26    -0.116 53133.70830364 12.96  53.470405  67.884620 14.541
 26    -0.414 53133.70830429 13.17  53.466715  67.887670 14.541
 26    -0.620 53133.70830493 13.21  53.463025  67.890710 14.541
 26    -0.617 53133.70830558 12.74  53.459341  67.893759  9.426
 28     0.136 53203.70837680 47.24  53.467466  67.883812 42.565
 28     0.085 53203.70837745 35.16  53.463776  67.886862 42.565
 28     0.142 53203.70837809 39.95  53.460086  67.889912 42.565
 28     0.119 53203.70837874 48.31  53.456402  67.892953 37.946
 29    -0.353 53238.70834535 26.80  53.482087  67.886647 31.851
 29    -0.453 53238.70834600 21.97  53.478397  67.889697 31.851
 29    -0.414 53238.70834664 20.77  53.474707  67.892747 31.851
 30     0.158 53273.70830686 19.56  53.451476  67.882704 33.828
 30    -0.029 53273.70830751 21.55  53.447786  67.885754 33.828
 30     0.455 53273.70830815 22.02  53.444085  67.888807 32.441
 30     0.643 53273.70830880 30.09  53.440395  67.891847 32.441
 31     0.110 53308.70836309 36.96  53.460515  67.883152 18.610
 31     0.138 53308.70836374 41.75  53.456825  67.886202 18.610
 31     0.181 53308.70836438 45.31  53.453135  67.889252 18.610
 31     0.208 53308.70836503 43.86  53.449445  67.892292 18.610
 33    -0.111 53378.70827307 20.96  53.453307  67.883097  3.068
 33    -0.104 53378.70827371 20.59  53.449617  67.886147  3.068
 33    -0.137 53378.70827436 20.77  53.445917  67.889197  3.068
 33    -0.199 53378.70827500 20.33  53.442227  67.892247  3.068
 34    -0.148 53413.70830608 16.28  53.472793  67.885987  2.640
 34    -0.418 53413.70830672 16.10  53.469103  67.889037  2.640
 34    -0.622 53413.70830736 16.43  53.465413  67.892087  2.640
 35    -0.474 53448.70829570 13.60  53.448940  67.883490  2.239
 35    -0.702 53448.70829634 14.23  53.445250  67.886540  2.239
 35    -0.658 53448.70829699 13.87  53.441560  67.889580  2.239
 36    -0.227 53483.70838101 11.00  53.455177  67.884112  1.821
 36    -0.305 53483.70838166 10.98  53.451487  67.887152  1.821
 36    -0.294 53483.70838230 11.22  53.447803  67.890201  2.065
 37     1.944 53518.70837960 20.88  53.471572  67.885940 20.819
 37     1.877 53518.70838024 21.18  53.467882  67.888990 20.819
 37     2.305 53518.70838088 21.67  53.464192  67.892040 20.819
 38     0.179 53553.70840141 23.63  53.464826  67.884026 30.706
 38     0.004 53553.70840205 19.17  53.461146  67.887076 30.706
 38    -0.212 53553.70840270 24.07  53.457456  67.890126 30.706
 38    -0.277 53553.70840334 22.39  53.453759  67.893169 26.806
 39    -0.093 53588.70834962 22.06  53.480755  67.886621 27.971
 39    -0.355 53588.70835026 18.98  53.477065  67.889671 27.971
 39    -0.457 53588.70835091 19.97  53.473375  67.892721 27.971
 40    -0.191 53623.70832395 25.62  53.445233  67.883482 32.878
 40    -0.048 53623.70832460 25.69  53.441543  67.886522 32.878
 40     0.234 53623.70832524 31.27  53.437848  67.889567 36.353
 41     0.171 53658.70835039 35.48  53.460810  67.882439 38.336
 41     0.087 53658.70835103 24.25  53.457120  67.885489 38.336
 41    -0.158 53658.70835168 22.52  53.453430  67.888529 38.336
 41     0.669 53658.70835232 20.77  53.449733  67.891577 33.755
 42     0.074 53693.70833007 24.40  53.473691  67.886034 32.214
 42     0.036 53693.70833071 20.65  53.470001  67.889084 32.214
 42    -0.433 53693.70833136 20.96  53.466311  67.892134 32.214
 43     0.356 53728.70825267 20.15  53.488825  67.885486  4.132
 43     0.039 53728.70825332 20.20  53.485135  67.888536  4.132
 43    -0.291 53728.70825396 21.42  53.481455  67.891586  4.132
 43    -0.448 53728.70825461 21.78  53.477765  67.894636  4.132
 44    -0.101 53763.70821325 10.05  53.466947  67.882597  1.979
 44    -0.093 53763.70821389 10.16  53.463257  67.885647  1.979
 44    -0.233 53763.70821453 10.65  53.459567  67.888687  1.979
 44    -0.369 53763.70821518 10.89  53.455867  67.891737  1.979
 45     0.341 53798.70822192  9.08  53.482850  67.886643  2.125
 45    -0.047 53798.70822256  9.31  53.479160  67.889693  2.125
 45    -0.305 53798.70822321  9.29  53.475480  67.892743  2.125
 46     0.251 53833.70821738  8.49  53.454953  67.883128  2.092
 46    -0.144 53833.70821803  8.35  53.451263  67.886168  2.092
 46    -0.325 53833.70821867  8.64  53.447563  67.889218  2.092
 46    -0.121 53833.70821932  8.46  53.443873  67.892268  2.092
 47     1.687 53868.70828209 25.67  53.463202  67.882328 24.005
 47    -0.017 53868.70828274 22.05  53.459512  67.885378 24.005
 47     0.262 53868.70828338 19.33  53.455822  67.888428 24.005
 47    -0.009 53868.70828403 20.51  53.452132  67.891468 24.005
 48     1.768 53903.70831492 26.65  53.467157  67.883357 39.290
 48    -6.002 53903.70831557 21.10  53.463467  67.886407 39.290
 48     1.130 53903.70831621 15.98  53.459777  67.889457 39.290
 48     1.794 53903.70831686 16.29  53.456094  67.892499 34.965
 49     0.588 53938.70835007 37.41  53.459968  67.882325 26.539
 49     0.125 53938.70835071 26.12  53.456278  67.885375 26.539
 49    -0.005 53938.70835136 23.06  53.452588  67.888425 26.539
 49     0.454 53938.70835200 22.09  53.448898  67.891475 26.539
 50    -0.415 53973.70831158 24.41  53.474826  67.886146 36.300
 50    -0.774 53973.70831223 20.70  53.471136  67.889196 36.300
 50    -0.536 53973.70831287 18.26  53.467446  67.892246 36.300
 51     0.234 54008.70830289 21.14  53.454098  67.884135 38.040
 51    -0.038 54008.70830353 21.78  53.450408  67.887185 38.040
 51     0.383 54008.70830418 35.14  53.446718  67.890225 38.040
 52    -0.440 54043.70832380 20.53  53.467617  67.884263  3.490
 52    -0.465 54043.70832444 20.61  53.463927  67.887313  3.490
 52    -0.451 54043.70832509 20.67  53.460237  67.890363  3.490
 52    -0.446 54043.70832573 20.68  53.456547  67.893403  3.490
 53    -0.266 54078.70831737 12.86  53.476476  67.885348  2.161
 53    -0.435 54078.70831801 13.05  53.472786  67.888398  2.161
 53    -0.453 54078.70831866 12.88  53.469096  67.891448  2.161
 53    -0.678 54078.70831930 12.93  53.465406  67.894498  2.161
 54     0.337 54113.70825417 16.22  53.488620  67.884348  2.890
 54     0.253 54113.70825481 16.51  53.484940  67.887398  2.890
 54     0.125 54113.70825546 16.21  53.481250  67.890438  2.890
 54    -0.044 54113.70825610 16.96  53.477560  67.893488  2.890
 56     0.014 54183.70824381 12.91  53.485722  67.885141  2.528
 56    -0.063 54183.70824446 13.42  53.482032  67.888191  2.528
 56    -0.229 54183.70824510 13.74  53.478352  67.891241  2.528
 56    -0.270 54183.70824575 13.39  53.474662  67.894291  2.528
 57     0.104 54218.70827156 23.34  53.462683  67.882273 15.612
 57    -0.025 54218.70827220 20.28  53.458993  67.885323 15.612
 57    -0.072 54218.70827284 20.09  53.455303  67.888363 15.612
 57     0.004 54218.70827349 20.09  53.451608  67.891411 11.729
 58     1.773 54253.70829674 22.31  53.467272  67.884536 19.965
 58     1.561 54253.70829738 22.41  53.463582  67.887586 19.965
 58     1.743 54253.70829803 20.92  53.459892  67.890636 19.965
 58     2.278 54253.70829867 23.86  53.456201  67.893679 33.809
 59     1.338 54288.70830041 16.69  53.471761  67.886006 28.691
 59     0.974 54288.70830105 14.52  53.468071  67.889056 28.691
 59     1.116 54288.70830170 15.47  53.464381  67.892106 28.691
 60     1.326 54323.70829756 17.12  53.472151  67.884684 17.927
 60     0.507 54323.70829821 15.55  53.468471  67.887734 17.927
 60     0.351 54323.70829885 15.58  53.464781  67.890784 17.927
 60     0.936 54323.70829950 16.29  53.461090  67.893826 24.931
 61     0.781 54358.70825343 17.14  53.487327  67.885197 29.811
 61     0.529 54358.70825408 15.35  53.483637  67.888247 29.811
 61     0.012 54358.70825472 17.95  53.479957  67.891297 29.811
 61     0.405 54358.70825537 16.97  53.476267  67.894347 29.811
 62     0.092 54393.70823781 28.99  53.468559  67.884290 33.564
 62     0.047 54393.70823845 23.87  53.464869  67.887340 33.564
 62    -0.464 54393.70823909 21.92  53.461179  67.890390 33.564
 62    -0.204 54393.70823974 23.25  53.457489  67.893430 33.564
 63     0.183 54428.70820387 31.90  53.478232  67.885699  7.735
 63     0.155 54428.70820451 32.11  53.474542  67.888749  7.735
 63     0.055 54428.70820516 32.18  53.470852  67.891799  7.735
 64     0.325 54463.70821638 14.09  53.465676  67.882778  2.654
 64     0.093 54463.70821703 14.06  53.461986  67.885828  2.654
 64    -0.015 54463.70821767 14.89  53.458296  67.888878  2.654
 64     0.071 54463.70821832 13.66  53.454606  67.891918  2.654
 65    -0.048 54498.70821373 13.34  53.476593  67.885693  2.056
 65    -0.153 54498.70821438 13.16  53.472903  67.888743  2.056
 65    -0.329 54498.70821502 12.81  53.469213  67.891793  2.056
 66    -0.186 54533.70823047 10.80  53.469738  67.884170  1.853
 66    -0.423 54533.70823112 11.48  53.466048  67.887213  1.983
 66    -0.428 54533.70823176 11.14  53.462358  67.890263  1.983
 66    -0.672 54533.70823241 11.43  53.458668  67.893313  1.983
 67    -0.583 54568.70821789  8.80  53.482481  67.887087  1.855
 67    -0.445 54568.70821854  8.19  53.478802  67.890138  1.998
 67    -0.357 54568.70821918  8.29  53.475112  67.893178  1.998
 68     0.671 54603.70822543 23.11  53.466644  67.884188 19.382
 68     0.329 54603.70822608 15.89  53.462947  67.887233  9.819
 68    -0.224 54603.70822672 15.83  53.459257  67.890283  9.819
 68    -0.447 54603.70822737 17.71  53.455567  67.893323  9.819
 69     1.433 54638.70823595 24.80  53.471137  67.884650 31.804
 69     1.070 54638.70823659 18.30  53.467456  67.887696 34.258
 69     1.441 54638.70823724 20.67  53.463766  67.890746 34.258
 69     1.945 54638.70823788 20.22  53.460076  67.893786 34.258
 70     0.181 54673.70823878 31.67  53.470844  67.884402 30.749
 70    -0.032 54673.70823942 28.02  53.467164  67.887448 24.856
 70    -0.276 54673.70824007 20.08  53.463474  67.890498 24.856
 70    -0.837 54673.70824071 23.72  53.459784  67.893538 24.856
 71     0.417 54708.70819672 19.34  53.482445  67.884759 18.563
 71     0.574 54708.70819737 15.22  53.478765  67.887809 18.563
 71     0.065 54708.70819801 14.98  53.475069  67.890858 21.165
 71     0.125 54708.70819866 14.30  53.471389  67.893908 21.165
 72     0.054 54743.70820480 50.83  53.466865  67.883629 42.524
 72     0.026 54743.70820545 50.05  53.463171  67.886672 39.705
 72     0.010 54743.70820609 50.61  53.459481  67.889722 39.705
 72     0.000 54743.70820674 52.32  53.455791  67.892772 39.705
 73     0.707 54778.70817945 28.48  53.476159  67.884840 18.322
 73    -0.881 54778.70818010 31.31  53.472467  67.887885 17.906
 73    -0.437 54778.70818074 31.70  53.468777  67.890935 17.906
 73    -0.060 54778.70818139 33.33  53.465087  67.893985 17.906
 74     0.211 54813.70819812 20.93  53.463780  67.882529  3.514
 74    -0.135 54813.70819877 21.82  53.460090  67.885580  4.152
 74    -0.228 54813.70819941 22.10  53.456400  67.888630  4.152
 74    -0.337 54813.70820006 22.18  53.452710  67.891680  4.152
 75     0.353 54848.70817929 14.25  53.476142  67.886525  2.769
 75    -0.016 54848.70817994 14.03  53.472447  67.889572  6.902
 75    -0.107 54848.70818058 15.31  53.468767  67.892622  6.902
 76    -0.128 54883.70820154 11.66  53.466098  67.883222  2.593
 76    -0.181 54883.70820218 11.89  53.462407  67.886264  2.085
 76    -0.305 54883.70820283 11.75  53.458717  67.889314  2.085
 76    -0.332 54883.70820347 11.74  53.455027  67.892364  2.085
 77    -0.098 54918.70818134 10.87  53.482528  67.886267  1.816
 77    -0.177 54918.70818198 10.84  53.478842  67.889318  2.043
 77    -0.176 54918.70818263 10.84  53.475152  67.892368  2.043
 78     0.161 54953.70819622  8.66  53.466125  67.882843  1.785
 78    -0.111 54953.70819686  8.52  53.462435  67.885893  1.785
 78    -0.073 54953.70819751  8.69  53.458744  67.888936  1.887
 78    -0.070 54953.70819815  8.89  53.455054  67.891986  1.887
 79     2.462 54988.70822042 25.64  53.465138  67.884104 30.524
 79     2.158 54988.70822107 27.61  53.461444  67.887149 37.119
 79     2.297 54988.70822171 22.56  53.457754  67.890199 37.119
 79     2.492 54988.70822236 26.66  53.454064  67.893239 37.119
 80    -0.127 55023.70821220 27.30  53.474899  67.885323 28.877
 80    -0.297 55023.70821285 20.05  53.471201  67.888369 25.884
 80    -0.536 55023.70821349 21.38  53.467521  67.891419 25.884
 81    -0.132 55058.70820745 31.08  53.471958  67.885265 29.959
 81    -0.360 55058.70820809 24.70  53.468273  67.888311 25.318
 81    -0.650 55058.70820874 22.88  53.464583  67.891361 25.318
 82     0.027 55093.70816101 21.68  53.484780  67.884612 27.683
 82     0.045 55093.70816166 17.73  53.481090  67.887662 27.683
 82    -0.177 55093.70816230 15.50  53.477408  67.890713 26.452
 82    -0.098 55093.70816295 14.83  53.473718  67.893753 26.452
 83     0.232 55128.70814799 40.56  53.468828  67.883363 36.425
 83    -0.066 55128.70814863 30.22  53.465143  67.886405 36.697
 83     0.009 55128.70814928 31.27  53.461453  67.889455 36.697
 83     0.130 55128.70814992 39.44  53.457763  67.892505 36.697
 84    -0.504 55163.70812317 23.49  53.473904  67.886248  3.850
 84    -0.502 55163.70812382 22.61  53.470224  67.889294  3.620
 84    -0.647 55163.70812446 23.55  53.466534  67.892344  3.620
 85    -0.283 55198.70813959 18.91  53.464594  67.883190  2.663
 85    -0.640 55198.70814023 18.64  53.460906  67.886232  2.544
 85    -0.390 55198.70814088 18.13  53.457206  67.889282  2.544
 85    -0.498 55198.70814152 17.65  53.453516  67.892332  2.544
 86     0.219 55233.70812755 16.31  53.479679  67.885683  4.839
 86     0.070 55233.70812819 16.32  53.475981  67.888731  2.776
 86    -0.314 55233.70812884 16.45  53.472301  67.891781  2.776
 86    -0.188 55233.70812948 16.84  53.468611  67.894821  2.776
 87     0.264 55268.70813403 13.43  53.470207  67.883153  3.120
 87     0.152 55268.70813468 12.87  53.466525  67.886196  2.170
 87    -0.083 55268.70813532 12.99  53.462835  67.889246  2.170
 87    -0.124 55268.70813596 12.68  53.459145  67.892296  2.170
 88     0.464 55303.70810735 11.22  53.487226  67.884559  3.119
 88     0.128 55303.70810800 11.46  53.483536  67.887609  3.119
 88    -0.027 55303.70810864 11.76  53.479856  67.890661  2.563
 88    -0.140 55303.70810929 11.93  53.476166  67.893701  2.563
 89     1.716 55338.70810751 21.16  53.469933  67.885561 32.024
 89     1.534 55338.70810815 21.33  53.466242  67.888608 35.962
 89     1.834 55338.70810880 23.93  53.462552  67.891658 35.962
 90     0.146 55373.70809829 24.48  53.474168  67.885058 27.535
 90    -0.007 55373.70809893 21.51  53.470480  67.888104 26.296
 90    -0.117 55373.70809958 17.31  53.466790  67.891154 26.296
 90     1.279 55373.70810022 16.29  53.463100  67.894204 26.296
 91    -0.419 55408.70811950 47.89  53.467064  67.884513 40.599
 91    -0.438 55408.70812014 51.47  53.463374  67.887556 34.666
 91    -0.474 55408.70812079 42.92  53.459684  67.890606 34.666
 91    -0.607 55408.70812143 37.67  53.455994  67.893656 34.666
 92    -0.044 55443.70811627 27.53  53.472302  67.885832 26.529
 92    -0.268 55443.70811691 24.81  53.468616  67.888879 26.335
 92    -0.054 55443.70811756 23.03  53.464926  67.891929 26.335
 93     1.838 55478.70805356 16.69  53.489340  67.885078 22.829
 93     0.408 55478.70805420 13.91  53.485660  67.888128 22.829
 93     0.027 55478.70805485 14.62  53.481966  67.891179 28.215
 93     1.325 55478.70805549 15.85  53.478286  67.894219 28.215
