# NaN NaN NaN ;Mean Elev.(m), Avg Gradient(m/km), RMS Gradient(m/km) - SRTM1     
#   37.041  -7.086  11.177 ;Mean Elev.(m), Avg Gradient(m/km), RMS Gradient(m/km) - ASTER GDEM
#   39.020  -7.490  10.498 ;Mean Elev.(m), Avg Gradient(m/km), RMS Gradient(m/km) - GMTED2010 
 12    42.255 52618.69794032 16.21  58.773685  66.385348  6.351
 12    42.238 52618.69794097 17.44  58.770405  66.388428  6.351
 13    45.374 52653.69791867 10.73  58.769235  66.383410  2.826
 13    44.010 52653.69791931 10.97  58.765955  66.386490  2.826
 14    45.301 52688.69791714  8.06  58.778514  66.385362  2.394
 14    44.559 52688.69791779  7.77  58.775234  66.388442  2.394
 15    51.708 52723.69796249  6.24  58.765941  66.383030  3.218
 15    46.969 52723.69796313  6.15  58.762651  66.386110  3.218
 22    40.974 52968.69803421 23.39  58.759227  66.382425  9.944
 22    40.183 52968.69803485 23.86  58.755937  66.385505  9.944
 24    44.535 53038.69800443  8.81  58.776247  66.383958  6.575
 24    41.965 53038.69800508 15.17  58.772967  66.387038  6.575
 29    46.878 53213.69808311 23.01  58.764180  66.384259 19.041
 29    41.157 53213.69808375 25.39  58.760900  66.387339 19.041
 33    45.370 53353.69800653 16.33  58.779775  66.385513  3.612
 33    44.070 53353.69800718 16.89  58.776495  66.388603  3.612
 34    44.940 53388.69800572 13.59  58.755001  66.380756  4.062
 34    42.694 53388.69800637 16.22  58.751711  66.383836  4.062
 35    43.935 53423.69800585 10.86  58.772493  66.386700  3.269
 35    43.168 53423.69800649 10.01  58.769203  66.389780  3.269
 38    40.922 53528.69807308 40.21  58.772697  66.384340 17.339
 38    40.907 53528.69807373 38.41  58.769407  66.387420 17.339
 44    41.357 53738.69791255 22.32  58.789435  66.388112  5.061
 44    42.013 53738.69791319 20.12  58.786145  66.391192  5.061
 45    44.037 53773.69792867 12.95  58.766333  66.384866  3.540
 45    42.824 53773.69792932 14.21  58.763043  66.387946  3.540
 46    44.448 53808.69791439  9.92  58.780190  66.387492  2.620
 46    43.016 53808.69791503 10.55  58.776910  66.390572  2.620
 49    44.999 53913.69803804 26.21  58.760338  66.381290 18.715
 49    45.287 53913.69803869 19.74  58.757048  66.384370 18.715
 54    40.476 54088.69800627 17.01  58.773313  66.386193  4.441
 54    42.423 54088.69800692 14.89  58.770023  66.389273  4.441
 55    45.812 54123.69792850 13.57  58.756331  66.380169  2.479
 55    44.828 54123.69792914 14.51  58.753041  66.383249  2.479
 56    44.741 54158.69797045 12.02  58.765966  66.384128  3.102
 56    43.935 54158.69797109 11.83  58.762686  66.387208  3.102
 57    45.980 54193.69793071 12.22  58.754373  66.382861  2.345
 57    45.629 54193.69793136 12.44  58.751083  66.385941  2.345
 58    41.513 54228.69798268 26.06  58.764307  66.383672  9.731
 58    40.745 54228.69798332 27.28  58.761017  66.386752  9.731
 66    46.736 54508.69790707 11.12  58.757512  66.380298  2.113
 66    46.090 54508.69790771 10.87  58.754222  66.383378  2.113
 67    46.385 54543.69793933  9.87  58.769443  66.384033  2.739
 67    45.911 54543.69793997  9.53  58.766156  66.387116  2.067
 68    38.065 54578.69790889 21.98  58.762323  66.384113  7.760
 68    37.766 54578.69790953 17.87  58.759033  66.387193  7.760
 75    43.826 54823.69790489 15.51  58.762536  66.383214  3.597
 75    43.436 54823.69790553 14.92  58.759246  66.386294  3.597
 76    45.616 54858.69787009 10.79  58.755104  66.381909  2.608
 76    44.534 54858.69787073 11.44  58.751814  66.384989  2.608
 77    43.158 54893.69790675 11.44  58.769862  66.384021  2.628
 77    43.028 54893.69790740 10.98  58.766572  66.387101  2.628
 78    47.158 54928.69786881 12.07  58.756703  66.380604  2.445
 78    46.503 54928.69786946 11.25  58.753413  66.383684  2.445
 79    43.640 54963.69790692 13.29  58.764146  66.384375 11.622
 79    42.999 54963.69790757 13.56  58.760856  66.387455 11.622
 82    38.301 55068.69790440 36.20  58.773703  66.385834 20.399
 82    38.884 55068.69790504 31.69  58.770413  66.388924 20.399
 84    39.172 55138.69785107 44.62  58.767240  66.383057  8.200
 84    39.067 55138.69785172 37.66  58.763960  66.386137  8.200
 85    40.222 55173.69781168 17.35  58.755980  66.380714  3.904
 85    42.620 55173.69781233 17.64  58.752690  66.383794  3.904
 86    43.376 55208.69784630 11.22  58.762721  66.384475  2.976
 86    43.435 55208.69784695 10.53  58.759431  66.387555  2.976
 87    45.354 55243.69781678 11.04  58.756955  66.381813  2.418
 87    43.645 55243.69781742 12.21  58.753665  66.384893  2.418
 88    43.552 55278.69783981 11.36  58.771517  66.384147  2.267
 88    43.381 55278.69784045 11.46  58.768227  66.387227  2.267
 89    38.467 55313.69780336 21.08  58.763926  66.383434 10.402
 89    38.468 55313.69780400 22.11  58.760646  66.386514 10.402
 92    40.262 55418.69782951 43.00  58.764306  66.383520 18.634
 92    39.902 55418.69783015 42.96  58.761015  66.386603 12.996
