# NaN NaN NaN ;Mean Elev.(m), Avg Gradient(m/km), RMS Gradient(m/km) - SRTM1     
#   33.047  -0.774   6.188 ;Mean Elev.(m), Avg Gradient(m/km), RMS Gradient(m/km) - ASTER GDEM
#    3.015  -0.031   3.464 ;Mean Elev.(m), Avg Gradient(m/km), RMS Gradient(m/km) - GMTED2010 
  6     5.193 52420.71413125 28.84  51.873297  67.405260 35.196
  6     5.483 52420.71413189 29.18  51.869743  67.408317 23.883
  7     3.470 52455.71415504 51.47  51.877086  67.407343 43.524
  7     3.554 52455.71415568 49.64  51.873526  67.410403 43.524
  7     3.513 52455.71415633 52.57  51.869976  67.413453 43.524
  8     1.256 52490.71412949 24.33  51.883976  67.410878 21.457
  8     2.014 52490.71413013 21.66  51.880426  67.413938 21.457
  8     3.287 52490.71413078 20.52  51.876876  67.416998 21.457
  8     2.281 52490.71413142 20.70  51.873316  67.420058 21.457
  8     3.270 52490.71413207 19.89  51.869766  67.423118 21.457
  8     1.201 52490.71413271 22.45  51.866206  67.426168 21.457
  8     2.221 52490.71413336 25.52  51.862656  67.429228 21.457
 10     3.505 52560.71415661 21.27  51.874436  67.403753 26.008
 10     1.238 52560.71415726 25.06  51.870876  67.406813 26.008
 11     2.308 52595.71416609 27.38  51.875970  67.405812  7.708
 11     2.231 52595.71416673 25.56  51.872420  67.408872  7.708
 11     2.353 52595.71416738 25.34  51.868870  67.411932  7.708
 12     3.013 52630.71410109 19.00  51.875311  67.402034  3.998
 12     1.711 52630.71410173 19.91  51.871761  67.405094  3.998
 12     2.428 52630.71410237 20.86  51.868211  67.408154  3.998
 15     2.867 52735.71413539 10.36  51.884521  67.410998  1.895
 15     2.916 52735.71413604 10.28  51.880971  67.414058  1.895
 15     3.547 52735.71413668 10.01  51.877411  67.417108  1.895
 15     3.259 52735.71413733  9.98  51.873861  67.420168  1.895
 15     3.017 52735.71413797 10.50  51.870301  67.423228  1.895
 15     2.932 52735.71413862 10.18  51.866751  67.426288  1.895
 15     3.234 52735.71413926 10.11  51.863191  67.429348  1.895
 15     2.545 52735.71413990 10.30  51.859631  67.432408  1.895
 18     1.289 52840.71421889 49.38  51.874161  67.403120 36.380
 18     1.191 52840.71421954 51.39  51.870611  67.406180 36.380
 20     2.769 52910.71422681 51.41  51.887355  67.413989 21.114
 20     2.462 52910.71422745 53.04  51.883805  67.417049 21.114
 20     2.329 52910.71422810 52.83  51.880249  67.420108 24.817
 20     2.431 52910.71422874 51.40  51.876689  67.423168 24.817
 20     2.443 52910.71422938 51.93  51.873139  67.426228 24.817
 20     2.381 52910.71423003 50.12  51.869579  67.429288 24.817
 20     2.349 52910.71423067 51.99  51.866029  67.432348 24.817
 20     2.281 52910.71423132 52.35  51.862469  67.435408 24.817
 20     2.320 52910.71423196 52.03  51.858909  67.438458 24.817
 23     3.233 53015.71421395 14.10  51.884576  67.408287  3.431
 23     2.566 53015.71421459 14.31  51.881016  67.411337  3.431
 23     2.239 53015.71421524 14.14  51.877466  67.414397  3.431
 23     2.608 53015.71421588 14.61  51.873913  67.417456  2.589
 23     2.820 53015.71421653 14.64  51.870363  67.420516  2.589
 23     3.176 53015.71421717 13.83  51.866813  67.423576  2.589
 23     2.970 53015.71421782 14.42  51.863253  67.426636  2.589
 24     4.084 53050.71418921 12.13  51.872373  67.403989  2.473
 24     3.397 53050.71418985 12.27  51.868813  67.407049  2.473
 25     4.522 53085.71422576 13.05  51.880188  67.406852  3.336
 25     3.791 53085.71422640 13.16  51.876638  67.409902  3.336
 25     3.262 53085.71422705 12.97  51.873088  67.412962  3.336
 25     3.078 53085.71422769 13.76  51.869533  67.416021  2.400
 26     2.778 53120.71419548  8.40  51.872866  67.402889  2.540
 26     1.773 53120.71419612  9.51  51.869316  67.405949  2.540
 27     5.732 53155.71424951 29.95  51.871466  67.403893 40.260
 27     5.812 53155.71425016 31.05  51.867916  67.406953 40.260
 28     4.328 53190.71424078 51.45  51.883801  67.407615 40.427
 28     4.472 53190.71424143 50.81  51.880241  67.410675 40.427
 28     4.368 53190.71424207 52.16  51.876691  67.413735 40.427
 28     4.313 53190.71424272 52.89  51.873135  67.416801 38.229
 28     4.441 53190.71424336 52.24  51.869585  67.419851 38.229
 28     4.419 53190.71424401 52.82  51.866025  67.422911 38.229
 29     2.037 53225.71424828 19.62  51.884491  67.409293 29.430
 29     1.791 53225.71424893 21.48  51.880941  67.412353 29.430
 29     3.761 53225.71424957 18.23  51.877381  67.415413 29.430
 29     3.828 53225.71425021 16.51  51.873831  67.418470 21.969
 29     3.448 53225.71425086 17.33  51.870281  67.421530 21.969
 29     3.460 53225.71425150 18.94  51.866721  67.424590 21.969
 29     2.578 53225.71425215 22.20  51.863171  67.427650 21.969
 30     0.909 53260.71422253 27.65  51.886100  67.409416 32.492
 30     0.732 53260.71422317 26.70  51.882550  67.412476 32.492
 30     0.810 53260.71422382 23.37  51.878990  67.415536 32.492
 30     2.946 53260.71422446 19.05  51.875443  67.418587 24.149
 30     1.416 53260.71422510 21.61  51.871893  67.421647 24.149
 30     0.750 53260.71422575 26.25  51.868333  67.424707 24.149
 30     1.043 53260.71422639 27.55  51.864783  67.427767 24.149
 30     2.155 53260.71422704 25.35  51.861223  67.430827 24.149
 31     1.303 53295.71425201 54.14  51.869771  67.400606 37.635
 31     1.118 53295.71425265 52.88  51.866221  67.403666 37.635
 32     1.006 53330.71422565 29.40  51.879675  67.407693 11.282
 32     1.038 53330.71422629 44.24  51.876125  67.410753 11.282
 32     0.859 53330.71422694 53.92  51.872565  67.413813 11.282
 32     0.971 53330.71422758 49.89  51.869012  67.416878  7.481
 33     2.798 53365.71417475 20.54  51.887640  67.413540  3.956
 33     2.725 53365.71417540 20.55  51.884090  67.416600  3.956
 33     2.568 53365.71417604 21.09  51.880536  67.419659  3.354
 33     2.976 53365.71417669 20.16  51.876986  67.422719  3.354
 33     3.773 53365.71417733 20.25  51.873436  67.425779  3.354
 33     2.711 53365.71417798 22.02  51.869876  67.428839  3.354
 33     2.246 53365.71417862 21.36  51.866316  67.431899  3.354
 33     2.417 53365.71417927 20.37  51.862766  67.434959  3.354
 33     2.078 53365.71417991 20.36  51.859206  67.438019  3.354
 34     3.785 53400.71419969 16.78  51.873669  67.405994  3.408
 34     3.728 53400.71420034 17.11  51.870119  67.409054  3.408
 35     3.399 53435.71419018 16.48  51.885664  67.411913  3.392
 35     2.481 53435.71419083 17.43  51.882114  67.414973  3.392
 35     2.463 53435.71419147 16.89  51.878562  67.418032  2.709
 35     2.366 53435.71419211 16.71  51.875012  67.421092  2.709
 35     2.776 53435.71419276 16.80  51.871462  67.424152  2.709
 35     2.745 53435.71419340 16.36  51.867902  67.427212  2.709
 35     2.626 53435.71419405 16.78  51.864342  67.430272  2.709
 35     2.405 53435.71419469 16.75  51.860792  67.433332  2.709
 35     2.052 53435.71419534 16.51  51.857232  67.436392  2.709
 36     5.512 53470.71423615  7.74  51.874424  67.400833  1.815
 36     5.557 53470.71423679  7.54  51.870874  67.403893  1.815
 36     4.929 53470.71423743  7.79  51.867314  67.406953  1.815
 37     2.313 53505.71427381 40.85  51.879416  67.404551 25.722
 37     2.147 53505.71427445 36.50  51.875866  67.407611 25.722
 37     2.274 53505.71427510 42.63  51.872316  67.410661 25.722
 37     2.268 53505.71427574 39.28  51.868756  67.413721 25.722
 38     4.040 53540.71427655 23.02  51.878180  67.406890 27.622
 38     5.002 53540.71427720 20.73  51.874630  67.409940 27.622
 38     4.567 53540.71427784 22.13  51.871070  67.413000 27.622
 39     0.669 53575.71426893 47.78  51.883052  67.408529 38.348
 39     0.706 53575.71426957 49.28  51.879502  67.411579 38.348
 39     0.837 53575.71427022 47.23  51.875952  67.414639 38.348
 39     0.748 53575.71427086 48.21  51.872396  67.417698 25.579
 39     0.698 53575.71427151 47.31  51.868846  67.420758 25.579
 39     0.694 53575.71427215 46.29  51.865296  67.423818 25.579
 39     0.875 53575.71427280 43.03  51.861736  67.426878 25.579
 40     0.422 53610.71422069 33.97  51.886424  67.412417 37.704
 40     0.573 53610.71422134 31.32  51.882874  67.415477 37.704
 40     0.592 53610.71422198 34.85  51.879324  67.418529 29.929
 40     0.692 53610.71422263 42.36  51.875764  67.421589 29.929
 40     0.537 53610.71422327 46.86  51.872214  67.424649 29.929
 40     0.478 53610.71422392 51.12  51.868664  67.427709 29.929
 40     0.584 53610.71422456 50.67  51.865104  67.430769 29.929
 40     0.537 53610.71422521 51.42  51.861544  67.433829 29.929
 40     0.495 53610.71422585 51.95  51.857994  67.436879 29.929
 41     4.138 53645.71422301 20.83  51.872037  67.402839 25.565
 41     4.816 53645.71422366 25.24  51.868487  67.405899 25.565
 42     2.117 53680.71424026 26.98  51.878122  67.406813 18.560
 42     1.801 53680.71424090 27.65  51.874572  67.409873 18.560
 42     1.857 53680.71424155 29.06  51.871022  67.412933 18.560
 43     1.759 53715.71416891 32.94  51.887246  67.412754  7.002
 43     1.675 53715.71416956 32.05  51.883696  67.415814  7.002
 43     1.703 53715.71417020 30.77  51.880142  67.418874 11.733
 43     1.726 53715.71417085 30.16  51.876592  67.421934 11.733
 43     1.762 53715.71417149 30.56  51.873042  67.424994 11.733
 43     1.632 53715.71417214 33.40  51.869482  67.428054 11.733
 43     1.648 53715.71417278 33.51  51.865922  67.431114 11.733
 43     1.533 53715.71417342 32.24  51.862372  67.434174 11.733
 43     1.684 53715.71417407 32.47  51.858812  67.437224 11.733
 44     4.401 53750.71408483 13.65  51.873568  67.403335  2.962
 44     3.517 53750.71408547 13.75  51.870008  67.406395  2.962
 45     2.133 53785.71411632 14.24  51.882499  67.411324  2.742
 45     2.496 53785.71411697 14.08  51.878949  67.414384  2.742
 45     2.238 53785.71411761 14.21  51.875393  67.417450  2.551
 45     2.493 53785.71411826 13.85  51.871843  67.420500  2.551
 45     2.813 53785.71411890 13.67  51.868283  67.423560  2.551
 45     2.702 53785.71411955 13.77  51.864723  67.426620  2.551
 45     2.643 53785.71412019 14.09  51.861173  67.429680  2.551
 46     3.411 53820.71407739 12.35  51.877705  67.428776  2.370
 46     2.779 53820.71407804 12.72  51.874155  67.431836  2.370
 46     3.103 53820.71407868 12.49  51.870595  67.434896  2.370
 46     2.888 53820.71407933 12.40  51.867035  67.437956  2.370
 46     1.969 53820.71407997 12.84  51.863485  67.441016  2.370
 46     2.314 53820.71408062 12.30  51.859925  67.444066  2.370
 46     1.463 53820.71408320 10.86  51.845685  67.456306  2.370
 46     1.059 53820.71408384 11.15  51.842115  67.459366  2.370
 46     1.199 53820.71408449 10.25  51.838555  67.462416  2.370
 47     0.451 53855.71415846 14.31  51.874532  67.401256  6.005
 47     0.288 53855.71415910 19.07  51.870982  67.404316  6.005
 47     0.283 53855.71415975 17.69  51.867432  67.407376  6.005
 48     5.447 53890.71417018 29.60  51.882276  67.406910 33.484
 48     5.082 53890.71417082 27.65  51.878716  67.409970 33.484
 48     5.339 53890.71417147 31.62  51.875166  67.413030 33.484
 48     5.330 53890.71417211 41.26  51.871606  67.416094 37.147
 48     5.361 53890.71417276 48.62  51.868056  67.419144 37.147
 49     1.423 53925.71423323 50.57  51.872376  67.401652 31.981
 49     1.377 53925.71423388 52.55  51.868816  67.404712 31.981
 50     3.086 53960.71422146 27.55  51.879717  67.407703 32.459
 50     2.925 53960.71422211 24.73  51.876167  67.410763 32.459
 50     2.466 53960.71422275 31.92  51.872617  67.413813 32.459
 50     3.615 53960.71422340 27.02  51.869057  67.416873 32.459
 51     4.553 53995.71415769 23.91  51.870494  67.396530 25.369
 51     4.398 53995.71415833 27.06  51.866944  67.399580 25.369
 51     3.801 53995.71415898 35.74  51.863394  67.402640 25.369
 52     0.865 54030.71421375 37.56  51.876150  67.403181 15.785
 52     0.839 54030.71421439 42.55  51.872600  67.406241 15.785
 52     0.882 54030.71421504 42.75  51.869040  67.409301 15.785
 54     1.707 54100.71417215 16.42  51.886184  67.411665  3.181
 54     1.956 54100.71417279 16.80  51.882634  67.414715  3.181
 54     1.936 54100.71417344 16.71  51.879084  67.417775  3.181
 54     1.699 54100.71417408 17.19  51.875533  67.420834  4.035
 54     1.191 54100.71417473 18.04  51.871973  67.423894  4.035
 54     0.817 54100.71417537 26.47  51.868423  67.426954  4.035
 54     1.602 54100.71417602 18.40  51.864863  67.430014  4.035
 54     1.588 54100.71417666 17.39  51.861313  67.433074  4.035
 54     1.545 54100.71417731 16.63  51.857753  67.436134  4.035
 55     3.035 54135.71413359 13.87  51.874999  67.401898  2.419
 55     2.392 54135.71413423 13.82  51.871449  67.404958  2.419
 55     2.184 54135.71413488 13.85  51.867889  67.408018  2.419
 57     2.685 54205.71413820  8.68  51.873782  67.401094  2.360
 57     1.717 54205.71413885  8.38  51.870232  67.404154  2.360
 58     6.553 54240.71417281 42.99  51.878986  67.407308 42.509
 58     6.560 54240.71417346 52.23  51.875426  67.410368 42.509
 58     6.545 54240.71417410 51.75  51.871876  67.413428 42.509
 59     4.687 54275.71418848 47.90  51.878693  67.407949 38.292
 59     4.589 54275.71418913 44.54  51.875133  67.410999 38.292
 59     4.546 54275.71418977 42.75  51.871583  67.414059 38.292
 61     1.762 54345.71416516 35.55  51.886676  67.413007 37.484
 61     1.726 54345.71416581 37.28  51.883116  67.416067 37.484
 61     1.552 54345.71416645 23.91  51.879566  67.419127 14.493
 61     1.366 54345.71416710 22.84  51.876016  67.422187 14.493
 61     1.518 54345.71416774 22.09  51.872456  67.425247 14.493
 61     1.417 54345.71416839 22.17  51.868906  67.428307 14.493
 61     2.513 54345.71416903 22.17  51.865346  67.431367 14.493
 61     2.566 54345.71416968 22.40  51.861796  67.434427 14.493
 61     2.305 54345.71417032 23.56  51.858236  67.437487 14.493
 62     1.822 54380.71412579 24.55  51.873503  67.405442 30.417
 62     5.149 54380.71412643 22.88  51.869953  67.408502 30.417
 63     1.951 54415.71411348 44.74  51.881221  67.410665 16.862
 63     1.890 54415.71411413 48.96  51.877671  67.413725 16.862
 63     2.010 54415.71411477 51.99  51.874111  67.416785 16.862
 63     1.960 54415.71411542 52.44  51.870557  67.419842 23.776
 63     1.860 54415.71411606 50.23  51.867007  67.422902 23.776
 63     1.927 54415.71411671 50.30  51.863447  67.425962 23.776
 64     3.886 54450.71409343 16.31  51.872626  67.402515  4.455
 64     2.655 54450.71409408 16.75  51.869076  67.405575  4.455
 65     2.643 54485.71410870 12.32  51.880349  67.407804  2.446
 65     2.843 54485.71410934 12.36  51.876799  67.410854  2.446
 65     2.470 54485.71410999 12.50  51.873249  67.413914  2.446
 65     2.650 54485.71411063 12.71  51.869689  67.416974  2.446
 66     4.330 54520.71410722 14.02  51.875554  67.405186  2.296
 66     3.065 54520.71410786 14.03  51.872006  67.408251  2.474
 66     2.811 54520.71410851 13.95  51.868456  67.411301  2.474
 67     0.637 54555.71412027 10.52  51.883672  67.411434  9.042
 67     3.238 54555.71412092  7.27  51.880112  67.414494  9.042
 67     0.298 54555.71412156 10.07  51.876562  67.417554  9.042
 67     0.091 54555.71412221 16.36  51.873012  67.420614  9.042
 67     0.132 54555.71412285 17.81  51.869452  67.423674  9.042
 67     0.376 54555.71412350 19.39  51.865902  67.426734  9.042
 67     0.366 54555.71412414 19.39  51.862342  67.429784  9.042
 68     1.132 54590.71410356  8.49  51.875802  67.406363  2.949
 68     0.959 54590.71410420  8.53  51.872245  67.409422 12.748
 68     1.826 54590.71410485  9.28  51.868695  67.412482 12.748
 69     6.789 54625.71411990 29.73  51.881320  67.407730 37.297
 69     6.593 54625.71412055 26.18  51.877766  67.410791  6.796
 69     6.450 54625.71412119 25.14  51.874216  67.413851  6.796
 69     6.284 54625.71412184 25.97  51.870666  67.416911  6.796
 69     6.226 54625.71412248 26.07  51.867106  67.419971  6.796
 70     2.064 54660.71412797 48.85  51.876557  67.406481 34.382
 70     2.002 54660.71412861 46.90  51.873008  67.409539 31.542
 70     1.978 54660.71412926 49.40  51.869448  67.412599 31.542
 71     0.592 54695.71410606 39.69  51.885854  67.408930 38.445
 71     0.628 54695.71410670 29.74  51.882297  67.411982 39.246
 71     0.751 54695.71410735 38.77  51.878747  67.415042 39.246
 71     0.590 54695.71410799 44.67  51.875187  67.418102 39.246
 71     0.531 54695.71410864 44.04  51.871637  67.421162 39.246
 71     0.527 54695.71410928 44.52  51.868087  67.424222 39.246
 71     0.573 54695.71410993 50.41  51.864527  67.427282 39.246
 71     0.513 54695.71411057 53.29  51.860967  67.430342 39.246
 72     1.791 54730.71408276 43.99  51.876194  67.402837 34.525
 72     1.860 54730.71408340 48.14  51.872644  67.405897 34.525
 72     1.919 54730.71408405 44.62  51.869087  67.408954 30.821
 73     1.567 54765.71408402 29.81  51.881331  67.405872 32.640
 73     1.644 54765.71408467 24.28  51.877781  67.408932 32.640
 73     1.553 54765.71408531 22.87  51.874225  67.411998 23.195
 73     3.452 54765.71408596 22.36  51.870675  67.415048 23.195
 74     2.335 54800.71407659 23.51  51.871870  67.403095  5.570
 74     2.286 54800.71407723 23.99  51.868320  67.406155  5.570
 75     2.498 54835.71407614 14.22  51.880281  67.407734  2.833
 75     2.229 54835.71407679 14.16  51.876734  67.410793  2.688
 75     2.144 54835.71407743 14.50  51.873174  67.413853  2.688
 75     2.551 54835.71407808 14.23  51.869624  67.416913  2.688
 76     3.787 54870.71407404 14.51  51.874788  67.402091  2.436
 76     3.217 54870.71407468 14.46  51.871238  67.405151  2.436
 76     2.299 54870.71407533 15.06  51.867680  67.408215  2.665
 77     3.378 54905.71408492 14.34  51.885070  67.410923  2.312
 77     2.763 54905.71408556 14.80  51.881520  67.413983  2.312
 77     2.737 54905.71408621 14.56  51.877970  67.417043  2.312
 77     2.833 54905.71408685 14.29  51.874410  67.420103  2.312
 77     3.131 54905.71408750 14.37  51.870860  67.423163  2.312
 77     3.042 54905.71408814 14.14  51.867310  67.426223  2.312
 77     2.994 54905.71408879 13.87  51.863750  67.429273  2.312
 77     2.893 54905.71408943 13.67  51.860190  67.432333  2.312
 78     4.272 54940.71406673 11.19  51.873725  67.404902  3.884
 78     3.816 54940.71406738 12.79  51.870176  67.407959  3.521
 79     4.657 54975.71409596 37.39  51.878261  67.405538 25.362
 79     4.520 54975.71409660 28.15  51.874711  67.408598 25.362
 79     4.608 54975.71409725 28.52  51.871157  67.411657 32.888
 80     5.186 55010.71410689 26.16  51.881478  67.407542 36.234
 80     4.995 55010.71410754 27.93  51.877927  67.410601 23.782
 80     5.258 55010.71410818 27.22  51.874377  67.413661 23.782
 80     5.394 55010.71410883 26.42  51.870827  67.416721 23.782
 80     5.507 55010.71410947 27.11  51.867267  67.419781 23.782
 81     0.982 55045.71409808 29.12  51.877907  67.407131 36.665
 81     0.846 55045.71409872 25.43  51.874353  67.410190 24.817
 81     4.406 55045.71409937 20.55  51.870803  67.413250 24.817
 82     0.465 55080.71407254 48.16  51.887971  67.410089 33.058
 82     0.385 55080.71407319 40.52  51.884419  67.413143 36.647
 82     0.487 55080.71407383 50.98  51.880869  67.416203 36.647
 82     0.458 55080.71407447 50.59  51.877309  67.419263 36.647
 82     0.426 55080.71407512 49.50  51.873759  67.422323 36.647
 82     0.319 55080.71407576 52.71  51.870209  67.425383 36.647
 82     0.397 55080.71407641 51.45  51.866649  67.428443 36.647
 82     0.261 55080.71407705 52.50  51.863089  67.431493 36.647
 82     0.397 55080.71407770 51.64  51.859539  67.434553 36.647
 83     1.826 55115.71402996 31.66  51.874223  67.406035 30.920
 83     1.901 55115.71403060 35.97  51.870671  67.409100 33.877
 84     1.245 55150.71402891 35.62  51.880849  67.406563  9.084
 84     1.333 55150.71402955 33.41  51.877300  67.409621 10.373
 84     1.403 55150.71403020 33.58  51.873750  67.412681 10.373
 84     1.294 55150.71403084 35.14  51.870200  67.415741 10.373
 85     3.594 55185.71401434 18.98  51.874149  67.402195  3.535
 85     3.774 55185.71401498 18.74  51.870599  67.405255  3.535
 86     3.346 55220.71402714 16.74  51.882612  67.407189  2.995
 86     2.531 55220.71402778 16.51  51.879065  67.410249  2.902
 86     2.133 55220.71402843 16.59  51.875515  67.413309  2.902
 86     2.206 55220.71402907 17.10  51.871955  67.416369  2.902
 86     2.759 55220.71402972 16.59  51.868405  67.419429  2.902
 86     3.112 55220.71403036 17.08  51.864855  67.422489  2.902
 87     3.537 55255.71401091 15.54  51.874988  67.405993  2.817
 87     2.808 55255.71401155 16.33  51.871439  67.409057  2.753
 88     2.686 55290.71401696 14.78  51.885427  67.411684  2.683
 88     2.640 55290.71401760 14.95  51.881877  67.414744  2.683
 88     2.592 55290.71401825 14.77  51.878327  67.417804  2.683
 88     2.516 55290.71401889 14.71  51.874777  67.420864  2.683
 88     2.635 55290.71401953 15.34  51.871217  67.423924  2.683
 88     2.752 55290.71402018 14.99  51.867667  67.426984  2.683
 88     2.555 55290.71402082 14.46  51.864107  67.430034  2.683
 88     2.294 55290.71402147 14.46  51.860557  67.433094  2.683
 88     2.125 55290.71402211 14.41  51.856997  67.436154  2.683
 89     4.626 55325.71399686 42.98  51.876519  67.407314 27.050
 89     4.495 55325.71399750 32.29  51.872965  67.410375 38.384
 89     4.667 55325.71399814 31.16  51.869405  67.413435 38.384
 90     3.726 55360.71399379 20.58  51.882225  67.407872 29.511
 90     4.017 55360.71399444 19.58  51.878675  67.410932 18.142
 90     4.654 55360.71399508 19.97  51.875125  67.413992 18.142
 90     4.669 55360.71399573 21.56  51.871575  67.417052 18.142
 90     3.653 55360.71399637 24.09  51.868015  67.420112 18.142
 90     3.644 55360.71399702 25.46  51.864465  67.423172 18.142
 91     1.340 55395.71399939 50.46  51.873624  67.405423 39.051
 91     1.246 55395.71400004 51.91  51.870074  67.408489 41.770
 92     0.600 55430.71400925 27.11  51.879268  67.407549 38.563
 92     0.740 55430.71400990 20.65  51.875713  67.410609 27.981
 92     3.720 55430.71401054 21.16  51.872163  67.413669 27.981
 93     1.606 55465.71397134 23.55  51.887366  67.414458 28.802
 93     1.518 55465.71397198 25.11  51.883806  67.417518 28.802
 93     1.521 55465.71397263 25.82  51.880256  67.420578 28.802
 93     1.594 55465.71397327 26.59  51.876706  67.423638 28.802
 93     1.448 55465.71397391 27.17  51.873146  67.426698 28.802
 93     1.367 55465.71397456 31.15  51.869596  67.429758 28.802
 93     1.462 55465.71397520 33.98  51.866036  67.432808 28.802
 93     1.443 55465.71397585 42.20  51.862486  67.435868 28.802
 93     1.493 55465.71397649 48.04  51.858926  67.438928 28.802
