# NaN NaN NaN ;Mean Elev.(m), Avg Gradient(m/km), RMS Gradient(m/km) - SRTM1     
#    8.296  -2.371   7.136 ;Mean Elev.(m), Avg Gradient(m/km), RMS Gradient(m/km) - ASTER GDEM
#   36.000  -1.984   6.549 ;Mean Elev.(m), Avg Gradient(m/km), RMS Gradient(m/km) - GMTED2010 
  8    20.520 52486.32156320 19.75  53.267989  65.346180 13.128
  8    16.921 52486.32156385 14.89  53.264939  65.343080 13.128
  8    15.641 52486.32156449 17.80  53.261889  65.339980 13.128
  9    20.552 52521.32153149 14.56  53.261970  65.345419  8.511
  9    20.517 52521.32153214 13.57  53.258920  65.342319  8.511
  9    17.150 52521.32153278 12.90  53.255870  65.339219  8.511
 10    17.719 52556.32158232 49.72  53.273362  65.344774 13.036
 10    16.763 52556.32158297 50.24  53.270312  65.341674 13.036
 10    16.489 52556.32158361 48.61  53.267262  65.338574 13.036
 11    16.187 52591.32157454 29.63  53.265559  65.345189 11.051
 11    16.159 52591.32157518 38.31  53.262509  65.342089 11.051
 11    15.937 52591.32157583 35.15  53.259459  65.338989 11.051
 12    20.054 52626.32149385 17.05  53.292898  65.343357  3.547
 12    19.061 52626.32149450 17.08  53.289848  65.340257  3.547
 13    20.619 52661.32153897 14.34  53.268528  65.343630  4.381
 13    19.616 52661.32153962 13.72  53.265478  65.340530  4.381
 13    16.545 52661.32154026 14.35  53.262428  65.337430  4.381
 14    21.327 52696.32151677  9.92  53.288114  65.342751  4.023
 14    20.375 52696.32151742  9.42  53.285064  65.339651  4.023
 14    18.857 52696.32151806  9.49  53.282004  65.336551  4.023
 15    21.173 52731.32154383 11.00  53.275673  65.344440  2.377
 15    20.773 52731.32154447 10.92  53.272623  65.341340  2.377
 15    20.758 52731.32154512 10.69  53.269583  65.338240  2.377
 16    19.769 52766.32155336 24.06  53.253485  65.347510 13.196
 16    15.143 52766.32155401 30.87  53.250435  65.344410 13.196
 16    15.135 52766.32155465 30.78  53.247385  65.341310 13.196
 18    21.141 52836.32162048 20.10  53.282032  65.342448 24.646
 18    20.458 52836.32162112 16.19  53.278982  65.339348 24.646
 18    20.204 52836.32162177 13.79  53.275932  65.336248 24.646
 20    21.124 52906.32165669 19.48  53.269639  65.345332 10.319
 20    18.958 52906.32165734 17.24  53.266589  65.342232 10.319
 20    18.746 52906.32165798 19.12  53.263539  65.339132 10.319
 23    16.601 53011.32164012 20.52  53.265256  65.345669  6.581
 23    16.003 53011.32164077 20.35  53.262206  65.342569  6.581
 23    15.105 53011.32164141 20.75  53.259156  65.339469  6.581
 24    17.024 53046.32160445 18.86  53.280589  65.345037  6.537
 24    16.104 53046.32160509 19.00  53.277539  65.341937  6.537
 24    15.006 53046.32160574 22.31  53.274489  65.338837  6.537
 25    80.027 53081.32163952  7.75  53.261589  65.344962  2.508
 25    81.314 53081.32164017  8.57  53.258549  65.341862  2.508
 25    81.691 53081.32164081  9.07  53.255499  65.338762  2.508
 26    80.486 53116.32160966  4.00  53.275999  65.343902  2.627
 26    81.543 53116.32161031  4.14  53.272949  65.340802  2.627
 26    82.134 53116.32161095  4.69  53.269899  65.337702  2.627
 27    22.812 53151.32165774 42.81  53.268405  65.344405 17.969
 27    22.738 53151.32165839 38.94  53.265355  65.341305 17.969
 27    22.695 53151.32165903 40.01  53.262305  65.338205 17.969
 28    20.461 53186.32164416 32.34  53.280231  65.342281 12.571
 28    21.063 53186.32164481 40.43  53.277181  65.339181 12.571
 28    20.477 53186.32164545 41.22  53.274131  65.336081 12.571
 29    21.871 53221.32167058 17.80  53.267396  65.344279 12.381
 29    20.329 53221.32167123 14.41  53.264346  65.341179 12.381
 29    19.366 53221.32167187 13.02  53.261296  65.338079 12.381
 30    14.879 53256.32164675 27.65  53.256989  65.347380 19.158
 30    18.764 53256.32164740 16.89  53.253939  65.344280 19.158
 30    14.761 53256.32164804 19.97  53.250889  65.341180 19.158
 33    20.565 53361.32159240 20.76  53.268771  65.346757  6.159
 33    16.477 53361.32159304 23.74  53.265721  65.343657  6.159
 33    15.636 53361.32159369 23.74  53.262670  65.340560  7.161
 34    17.418 53396.32161262 18.84  53.277989  65.343276  4.532
 34    16.042 53396.32161327 20.27  53.274939  65.340177  6.696
 34    15.413 53396.32161391 20.72  53.271889  65.337077  6.696
 35    18.546 53431.32160481 15.00  53.265215  65.345056  5.156
 35    17.400 53431.32160545 14.37  53.262169  65.341959  3.743
 35    16.486 53431.32160610 14.14  53.259119  65.338859  3.743
 36    80.387 53466.32163585  6.61  53.283946  65.344717  2.329
 36    81.579 53466.32163650  7.04  53.280891  65.341619  4.167
 36    82.416 53466.32163714  7.75  53.277841  65.338519  4.167
 37    21.939 53501.32169277 24.53  53.266466  65.346213 13.153
 37    16.765 53501.32169342 24.47  53.263417  65.343109 16.147
 37    16.191 53501.32169406 28.19  53.260367  65.340009 16.147
 38    21.621 53536.32168279 27.82  53.270808  65.346628 20.367
 38    21.478 53536.32168344 18.95  53.267757  65.343523 11.052
 38    20.691 53536.32168408 15.95  53.264707  65.340433 11.052
 39    21.472 53571.32169032 22.11  53.265339  65.347672 20.002
 39    20.307 53571.32169096 17.86  53.262289  65.344572 20.002
 39    15.816 53571.32169161 24.24  53.259238  65.341468 17.567
 39    15.709 53571.32169225 32.93  53.256198  65.338368 17.567
 40    14.866 53606.32163893 24.35  53.258222  65.346226 18.293
 40    14.764 53606.32163957 25.10  53.255175  65.343127 11.354
 40    14.848 53606.32164022 22.86  53.252135  65.340027 11.354
 41    21.380 53641.32163894 16.91  53.279366  65.342948  8.473
 41    19.221 53641.32163958 12.41  53.276319  65.339849  9.885
 41    19.386 53641.32164023 10.86  53.273269  65.336749  9.885
 42    17.401 53676.32165852 45.70  53.266105  65.344329 12.166
 42    17.349 53676.32165917 46.72  53.263055  65.341227 19.947
 42    15.992 53676.32165981 44.57  53.260005  65.338127 19.947
 43    15.237 53711.32158809 45.37  53.263177  65.344556 13.718
 43    15.162 53711.32158874 53.69  53.260131  65.341459 15.302
 43    15.126 53711.32158938 41.44  53.257091  65.338359 15.302
 44    19.010 53746.32149840 14.73  53.290192  65.342397  2.811
 44    19.825 53746.32149905 14.12  53.287142  65.339297  2.811
 44    16.924 53746.32149969 14.24  53.284092  65.336197  2.811
 45    18.327 53781.32152989 13.97  53.273622  65.343592  2.735
 45    17.322 53781.32153053 14.73  53.270579  65.340489  3.386
 45    15.483 53781.32153118 14.31  53.267529  65.337389  3.386
 46    19.108 53816.32149738 12.39  53.258171  65.347244  3.708
 46    18.084 53816.32149802 12.35  53.255121  65.344144  3.708
 46    17.135 53816.32149867 12.57  53.252081  65.341044  3.708
 47    16.986 53851.32156641 15.40  53.275820  65.343121  4.243
 47    15.975 53851.32156705 16.55  53.272770  65.340021  4.243
 47    15.500 53851.32156770 16.19  53.269720  65.336920  6.345
 48    23.000 53886.32157435 36.72  53.279238  65.342058 10.612
 48    23.445 53886.32157500 37.09  53.276191  65.338955 14.182
 48    22.469 53886.32157564 38.12  53.273141  65.335855 14.182
 49    20.498 53921.32164448 15.85  53.264149  65.345398 18.410
 49    20.482 53921.32164512 13.20  53.261099  65.342298 18.410
 49    19.557 53921.32164577 13.37  53.258053  65.339193 13.448
 50    18.758 53956.32164098 19.07  53.262507  65.347195 26.178
 50    19.995 53956.32164163 16.81  53.259467  65.344095 26.178
 50    19.044 53956.32164227 13.70  53.256417  65.340995 26.178
 52    15.284 54026.32162659 45.47  53.281532  65.342244 23.930
 52    15.173 54026.32162723 51.09  53.278482  65.339144 23.930
 52    15.192 54026.32162787 51.47  53.275432  65.336044 23.930
 53    17.347 54061.32161976 22.56  53.276584  65.345085  7.415
 53    17.423 54061.32162040 26.14  53.273534  65.341985  7.415
 53    17.194 54061.32162105 22.04  53.270484  65.338885  7.415
 54    18.730 54096.32159271 19.65  53.260856  65.346868  5.598
 54    17.827 54096.32159336 20.18  53.257816  65.343768  5.598
 54    16.578 54096.32159400 20.78  53.254766  65.340668  5.598
 56    19.016 54166.32156494 12.99  53.265101  65.346709  4.062
 56    17.496 54166.32156558 15.00  53.262051  65.343609  4.062
 56    15.843 54166.32156623 16.62  53.259011  65.340509  4.062
 57    80.785 54201.32154414  2.34  53.279838  65.343560  4.733
 57    81.704 54201.32154478  2.26  53.276788  65.340460  4.733
 57    82.399 54201.32154543  3.10  53.273738  65.337360  4.733
 59    21.411 54271.32160079 44.94  53.270661  65.344611 11.452
 59    21.506 54271.32160144 46.89  53.267611  65.341511 11.452
 59    21.595 54271.32160208 44.21  53.264561  65.338411 11.452
 60    17.543 54306.32160324 46.43  53.273924  65.345187 11.179
 60    17.984 54306.32160388 45.67  53.270874  65.342087 11.179
 60    17.002 54306.32160453 49.86  53.267824  65.338987 11.179
 61    20.708 54341.32158485 15.84  53.265180  65.345137  4.980
 61    20.215 54341.32158550 13.50  53.262130  65.342037  4.980
 61    18.628 54341.32158614 12.84  53.259090  65.338937  4.980
 63    17.453 54411.32153129 46.67  53.271055  65.346533 21.380
 63    17.501 54411.32153194 47.19  53.268005  65.343433 21.380
 63    17.412 54411.32153258 47.10  53.264955  65.340333 21.380
 64    18.772 54446.32150243 21.15  53.282646  65.342843  5.223
 64    19.759 54446.32150308 21.83  53.279596  65.339743  5.223
 64    15.544 54446.32150372 21.64  53.276546  65.336643  5.223
 65    21.008 54481.32152324 13.98  53.273316  65.344887  3.885
 65    17.672 54481.32152389 15.44  53.270264  65.341784  3.322
 65    16.037 54481.32152453 16.47  53.267214  65.338684  3.322
 66    19.435 54516.32151661 14.96  53.282505  65.342972  4.650
 66    15.747 54516.32151725 18.03  53.279455  65.339872  4.650
 66    15.729 54516.32151790 17.52  53.276405  65.336772  4.650
 67    79.881 54551.32153605 13.17  53.264881  65.346339  3.155
 67    81.905 54551.32153734 14.30  53.258781  65.340139  3.155
 70    21.340 54656.32154133 18.65  53.268522  65.344015 16.809
 70    20.474 54656.32154197 16.72  53.265472  65.340915 16.809
 70    19.660 54656.32154262 14.36  53.262422  65.337815 16.809
 71    14.544 54691.32152572 18.64  53.266797  65.344956 15.238
 71    15.971 54691.32152637 16.39  53.263747  65.341856 15.238
 71    14.938 54691.32152701 16.49  53.260697  65.338756 15.238
 72    21.274 54726.32149232 18.03  53.282056  65.344068 11.346
 72    18.860 54726.32149296 16.84  53.279006  65.340968 11.346
 72    16.940 54726.32149361 16.97  53.275956  65.337868 11.346
 73    19.823 54761.32150268 23.68  53.269811  65.345298 13.199
 73    17.798 54761.32150333 25.44  53.266761  65.342198 13.199
 73    17.803 54761.32150397 33.43  53.263721  65.339098 13.199
 74    15.468 54796.32148576 29.91  53.284075  65.343898 11.807
 74    15.672 54796.32148640 33.99  53.281025  65.340798 11.807
 74    15.821 54796.32148705 40.90  53.277975  65.337698 11.807
 75    21.108 54831.32150306 13.92  53.271146  65.345157  5.959
 75    18.107 54831.32150371 13.44  53.268096  65.342057  5.959
 75    16.118 54831.32150435 14.26  53.265046  65.338957  5.959
 76    21.371 54866.32148098 11.69  53.282946  65.344016  4.821
 76    20.137 54866.32148163 12.50  53.279896  65.340916  4.821
 76    17.947 54866.32148227 13.41  53.276856  65.337816  4.821
 77    17.942 54901.32150237 14.45  53.263225  65.344904  4.826
 77    16.895 54901.32150302 15.81  53.260185  65.341804  4.826
 77    15.414 54901.32150366 17.13  53.257135  65.338704  4.826
 78    18.937 54936.32147173 11.42  53.276257  65.342697  8.995
 78    18.361 54936.32147237  9.29  53.273217  65.339597  8.995
 78    15.274 54936.32147302 10.20  53.270167  65.336497  8.995
 81    21.494 55041.32151124 21.34  53.273440  65.345948 23.977
 81    21.165 55041.32151189 16.71  53.270390  65.342848 23.977
 81    20.628 55041.32151253 13.67  53.267340  65.339748 23.977
 82    20.251 55076.32149217 21.06  53.266800  65.347230 15.252
 82    20.583 55076.32149281 15.59  53.263750  65.344130 15.252
 82    20.303 55076.32149346 12.26  53.260700  65.341030 15.252
 84    17.404 55146.32144610 26.70  53.269965  65.346499 12.663
 84    15.073 55146.32144675 27.93  53.266915  65.343399 12.663
 84    15.269 55146.32144739 27.89  53.263865  65.340299 12.663
 85    20.745 55181.32142201 15.56  53.284442  65.343853  9.318
 85    19.810 55181.32142265 15.85  53.281392  65.340753  9.318
 85    17.652 55181.32142330 16.48  53.278342  65.337653  9.318
 86    18.380 55216.32144087 15.61  53.268288  65.345103  6.070
 86    16.384 55216.32144152 18.58  53.265248  65.342003  6.070
 86    15.557 55216.32144216 19.01  53.262198  65.338903  6.070
 87    20.213 55251.32141876 13.96  53.282254  65.344843  6.113
 87    18.635 55251.32141940 14.43  53.279204  65.341743  6.113
 87    17.680 55251.32142005 14.23  53.276154  65.338643  6.113
 88    79.101 55286.32143413  2.93  53.265065  65.347539  2.471
 88    80.108 55286.32143478  3.67  53.262015  65.344439  2.471
 88    81.001 55286.32143542  4.50  53.258965  65.341339  2.471
 89    21.173 55321.32140853 35.19  53.269367  65.345156 16.002
 89    21.474 55321.32140917 42.18  53.266317  65.342056 16.002
 89    21.054 55321.32140982 48.59  53.263267  65.338956 16.002
 91    16.620 55391.32140960 33.48  53.278288  65.345053 16.106
 91    16.557 55391.32141025 37.01  53.275238  65.341953 16.106
 91    16.511 55391.32141089 37.74  53.272188  65.338853 16.106
 92    21.220 55426.32142505 29.62  53.273784  65.346145 20.066
 92    20.496 55426.32142569 15.56  53.270734  65.343045 20.066
 92    19.315 55426.32142634 13.49  53.267684  65.339945 20.066
 93    19.552 55461.32139244 17.14  53.265243  65.346173  7.990
 93    20.102 55461.32139308 11.84  53.262203  65.343073  7.990
 93    17.754 55461.32139373 12.20  53.259153  65.339973  7.990
