# NaN NaN NaN ;Mean Elev.(m), Avg Gradient(m/km), RMS Gradient(m/km) - SRTM1     
#   15.797  -3.063   5.802 ;Mean Elev.(m), Avg Gradient(m/km), RMS Gradient(m/km) - ASTER GDEM
#   39.779  -3.166   5.531 ;Mean Elev.(m), Avg Gradient(m/km), RMS Gradient(m/km) - GMTED2010 
  6    22.018 52420.71372317 21.52  53.964025  65.456118  9.775
  6    22.306 52420.71372381 20.22  53.960955  65.459218  9.775
  6    22.565 52420.71372446 24.80  53.957875  65.462308  9.775
  7    20.409 52455.71374631 40.20  53.970676  65.455022 16.940
  7    20.688 52455.71374696 46.96  53.967606  65.458122 16.940
  7    20.704 52455.71374760 48.23  53.964536  65.461222 16.940
 10    17.753 52560.71374853 47.00  53.965105  65.454652 18.531
 10    17.837 52560.71374918 45.38  53.962035  65.457752 18.531
 10    17.787 52560.71374982 38.41  53.958955  65.460852 18.531
 11    19.486 52595.71375801 24.59  53.966109  65.456628  5.570
 11    19.335 52595.71375865 24.68  53.963029  65.459728  5.570
 11    19.465 52595.71375930 20.81  53.959959  65.462828  5.570
 12    18.966 52630.71369365 19.14  53.962947  65.456100  4.307
 12    18.504 52630.71369429 18.41  53.959877  65.459200  4.307
 12    18.411 52630.71369494 17.74  53.956807  65.462300  4.307
 15    69.645 52735.71372667  5.40  53.978237  65.458725  3.325
 15    71.435 52735.71372731  4.13  53.975167  65.461825  3.325
 18    17.719 52840.71381146 49.80  53.961939  65.457125 13.985
 18    17.789 52840.71381210 47.43  53.958859  65.460225 13.985
 18    17.550 52840.71381275 48.83  53.955789  65.463325 13.985
 20    19.681 52910.71381744 51.46  53.984316  65.458561 10.664
 20    19.729 52910.71381808 51.80  53.981246  65.461661 10.664
 20    19.685 52910.71381873 49.05  53.978176  65.464761 10.664
 23    17.290 53015.71380587 17.81  53.974574  65.459032  5.458
 23    17.050 53015.71380651 18.36  53.971494  65.462132  5.458
 24    17.120 53050.71378113 18.04  53.963499  65.454944  4.530
 24    16.926 53050.71378177 19.11  53.960429  65.458034  4.530
 24    16.961 53050.71378242 17.08  53.957349  65.461134  4.530
 25    63.269 53085.71381768 13.74  53.969936  65.457588  3.712
 25    70.055 53085.71381832  6.96  53.966866  65.460688  3.712
 25    71.143 53085.71381897  6.88  53.963796  65.463788  3.712
 26    69.307 53120.71378804  2.92  53.960467  65.456886  2.945
 26    70.361 53120.71378869  3.07  53.957397  65.459986  2.945
 26    71.047 53120.71378933  3.81  53.954327  65.463086  2.945
 27    26.022 53155.71384208 48.95  53.958928  65.457814 14.916
 27    25.934 53155.71384272 50.32  53.955858  65.460914 14.916
 28    19.721 53190.71383271 50.67  53.974482  65.458431 16.914
 28    19.738 53190.71383335 51.28  53.971412  65.461531 16.914
 29    16.525 53225.71384020 24.03  53.974973  65.460083  8.893
 29    16.417 53225.71384085 19.10  53.971903  65.463183  8.893
 30    16.888 53260.71381445 26.36  53.975867  65.460087 16.342
 30    17.120 53260.71381509 12.82  53.972797  65.463187 16.342
 31    20.049 53295.71384457 17.86  53.956959  65.454570  8.281
 31    19.373 53295.71384521 15.59  53.953889  65.457670  8.281
 31    18.290 53295.71384586 15.26  53.950809  65.460770  8.281
 32    17.555 53330.71381757 31.38  53.970274  65.458541 11.030
 32    17.464 53330.71381821 30.05  53.967204  65.461641 11.030
 33    16.864 53365.71376538 25.17  53.984253  65.458104  7.184
 33    17.493 53365.71376603 23.49  53.981183  65.461204  7.184
 33    17.179 53365.71376667 22.61  53.978103  65.464304  7.184
 34    16.683 53400.71379161 22.19  53.964584  65.456898  7.257
 34    17.097 53400.71379226 20.76  53.961514  65.459998  7.257
 34    16.222 53400.71379290 24.72  53.958434  65.463098  7.257
 35    17.101 53435.71378146 14.94  53.979166  65.459593  3.348
 35    16.434 53435.71378210 15.56  53.976096  65.462693  3.348
 36    19.213 53470.71382871  5.62  53.961697  65.454835  3.307
 36    18.802 53470.71382935  5.17  53.958627  65.457935  3.307
 36    17.620 53470.71383000  5.58  53.955547  65.461035  3.307
 38    19.360 53540.71386847 24.42  53.968641  65.457645  7.187
 38    18.834 53540.71386912 17.42  53.965571  65.460745  7.187
 38    19.680 53540.71386976 15.86  53.962491  65.463845  7.187
 39    17.497 53575.71386085 50.67  53.973135  65.459253 15.718
 39    17.670 53575.71386149 50.45  53.970055  65.462353 15.718
 40    17.317 53610.71381197 49.88  53.979553  65.459998 18.790
 40    17.299 53610.71381261 49.43  53.976483  65.463098 18.790
 41    18.693 53645.71381558 51.20  53.959940  65.456875 16.698
 41    18.543 53645.71381622 49.53  53.956860  65.459975 16.698
 41    18.451 53645.71381687 49.58  53.953790  65.463075 16.698
 42    19.504 53680.71383218 26.69  53.968272  65.457609 10.717
 42    18.934 53680.71383282 22.99  53.965192  65.460709 10.717
 42    18.803 53680.71383347 18.21  53.962122  65.463809 10.717
 43    16.953 53715.71376019 45.73  53.980785  65.460427 11.797
 43    16.868 53715.71376083 39.99  53.977705  65.463527 11.797
 44    18.318 53750.71367739 18.23  53.961796  65.457445  5.393
 44    17.774 53750.71367804 19.14  53.958716  65.460545  5.393
 44    17.265 53750.71367868 18.80  53.955646  65.463645  5.393
 45    17.127 53785.71370760 17.94  53.976416  65.459071  5.199
 45    16.974 53785.71370824 17.99  53.973346  65.462171  5.199
 46    17.048 53820.71366480 22.02  53.991408  65.457906  4.156
 46    16.639 53820.71366544 19.91  53.988338  65.461006  4.156
 46    16.806 53820.71366609 15.02  53.985268  65.464106  4.156
 47    16.045 53855.71375102 17.69  53.961754  65.455189  9.638
 47    15.977 53855.71375167 18.34  53.958674  65.458289  9.638
 47    16.075 53855.71375231 19.42  53.955604  65.461389  9.638
 48    23.634 53890.71376210 42.79  53.973068  65.457777 16.202
 48    23.626 53890.71376274 41.25  53.969998  65.460877 16.202
 48    23.620 53890.71376339 41.89  53.966918  65.463977 16.202
 49    17.762 53925.71382579 48.45  53.959305  65.455481 13.641
 49    17.775 53925.71382644 49.81  53.956225  65.458581 13.641
 49    17.845 53925.71382708 49.01  53.953155  65.461681 13.641
 50    19.778 53960.71381338 40.58  53.969708  65.458384 14.026
 50    19.732 53960.71381403 43.37  53.966638  65.461484 14.026
 52    16.567 54030.71380631 46.57  53.963902  65.457177 12.028
 52    16.460 54030.71380696 52.69  53.960832  65.460267 12.028
 52    16.256 54030.71380760 48.80  53.957762  65.463367 12.028
 54    18.881 54100.71376342 22.91  53.979441  65.459302  6.528
 54    18.610 54100.71376407 24.14  53.976371  65.462402  6.528
 55    17.811 54135.71372615 19.21  53.962583  65.455878  4.993
 55    17.900 54135.71372680 19.83  53.959513  65.458968  4.993
 55    17.682 54135.71372744 19.70  53.956433  65.462068  4.993
 57    17.135 54205.71373077 15.17  53.961287  65.455132  5.116
 57    17.499 54205.71373141 15.91  53.958217  65.458232  5.116
 57    17.336 54205.71373206 16.11  53.955147  65.461332  5.116
 62    19.254 54380.71371835 20.34  53.961440  65.459451  4.920
 62    18.962 54380.71371899 20.41  53.958360  65.462551  4.920
 63    18.482 54415.71370476 44.58  53.974869  65.458374 10.948
 63    18.687 54415.71370540 44.56  53.971799  65.461474 10.948
 64    18.058 54450.71368600 25.16  53.960414  65.456558  6.305
 64    18.011 54450.71368664 24.74  53.957344  65.459648  6.305
 64    17.768 54450.71368729 24.67  53.954264  65.462748  6.305
 65    17.880 54485.71370061 17.41  53.971015  65.458642  4.189
 65    17.995 54485.71370126 16.73  53.967935  65.461742  4.189
 66    19.490 54520.71369914 15.09  53.966416  65.456125  3.658
 66    19.143 54520.71369978 14.47  53.963346  65.459225  3.658
 66    17.883 54520.71370043 14.57  53.960266  65.462315  3.658
 67    17.182 54555.71371155 14.49  53.977159  65.459103  8.184
 67    16.578 54555.71371219 12.48  53.974079  65.462203  8.184
 69    23.918 54625.71371182 25.69  53.971752  65.458518 19.932
 69    22.957 54625.71371247 25.37  53.968682  65.461618 19.932
 70    17.997 54660.71371989 27.76  53.967144  65.457326 12.370
 70    18.182 54660.71372053 16.84  53.964074  65.460426 12.370
 70    18.692 54660.71372118 14.20  53.960994  65.463516 12.370
 71    17.724 54695.71369798 38.37  53.976059  65.459649 18.464
 71    17.663 54695.71369862 47.13  53.972979  65.462749 18.464
 72    18.485 54730.71367532 18.89  53.963766  65.456794 11.875
 72    17.972 54730.71367597 17.78  53.960696  65.459894 11.875
 72    17.930 54730.71367661 17.15  53.957616  65.462984 11.875
 73    18.527 54765.71367594 23.04  53.971611  65.456736  7.715
 73    18.413 54765.71367659 18.98  53.968541  65.459836  7.715
 73    17.932 54765.71367723 16.47  53.965471  65.462936  7.715
 74    18.443 54800.71366915 30.44  53.959645  65.457172 10.420
 74    18.370 54800.71366980 33.90  53.956575  65.460272 10.420
 74    18.613 54800.71367044 31.67  53.953495  65.463362 10.420
 75    18.759 54835.71366806 14.36  53.970791  65.458543  3.588
 75    18.307 54835.71366871 14.22  53.967721  65.461643  3.588
 76    18.819 54870.71366660 14.00  53.962395  65.456119  2.917
 76    18.248 54870.71366725 12.94  53.959325  65.459219  2.917
 76    17.752 54870.71366789 12.40  53.956245  65.462309  2.917
 77    17.505 54905.71367619 17.21  53.978195  65.458606  5.511
 77    17.185 54905.71367684 17.05  53.975125  65.461706  5.511
 78    17.212 54940.71365865 12.81  53.964619  65.455786  4.510
 78    17.873 54940.71365930 11.68  53.961549  65.458886  4.510
 78    17.562 54940.71365994 11.57  53.958469  65.461976  4.510
 80    22.959 55010.71369881 21.37  53.971814  65.458341 11.027
 80    20.840 55010.71369946 20.48  53.968734  65.461441 11.027
 81    17.058 55045.71369000 24.55  53.968639  65.457973 15.519
 81    17.302 55045.71369064 33.98  53.965569  65.461073 15.519
 82    16.765 55080.71366382 37.90  53.981096  65.457654 16.048
 82    16.968 55080.71366446 41.11  53.978026  65.460754 16.048
 82    16.853 55080.71366511 43.93  53.974946  65.463854 16.048
 83    19.828 55115.71362188 15.08  53.965197  65.456971 12.406
 83    19.428 55115.71362252 13.27  53.962127  65.460071 12.406
 83    19.373 55115.71362317 10.16  53.959047  65.463161 12.406
 84    18.038 55150.71362083 35.83  53.971123  65.457416 11.832
 84    17.854 55150.71362147 38.37  53.968043  65.460516 11.832
 84    17.775 55150.71362212 33.65  53.964973  65.463606 11.832
 85    19.252 55185.71360690 16.44  53.961755  65.456199  4.098
 85    17.958 55185.71360755 16.63  53.958685  65.459299  4.098
 85    17.508 55185.71360819 16.97  53.955605  65.462389  4.098
 86    17.133 55220.71361906 17.61  53.972822  65.457984  5.438
 86    17.375 55220.71361970 17.49  53.969742  65.461084  5.438
 86    17.120 55220.71362035 16.13  53.966672  65.464174  5.438
 87    18.762 55255.71360283 14.03  53.965898  65.456966  4.152
 87    17.529 55255.71360347 15.74  53.962828  65.460066  4.152
 87    16.949 55255.71360412 14.54  53.959748  65.463156  4.152
 91    17.546 55395.71359132 44.79  53.964550  65.456338 18.558
 91    17.516 55395.71359196 45.59  53.961480  65.459428 18.558
 91    17.537 55395.71359260 48.78  53.958400  65.462528 18.558
 92    16.861 55430.71360117 21.86  53.970012  65.458366 11.277
 92    16.662 55430.71360182 19.04  53.966942  65.461466 11.277
