# NaN NaN NaN ;Mean Elev.(m), Avg Gradient(m/km), RMS Gradient(m/km) - SRTM1     
#   17.249  -2.474   6.887 ;Mean Elev.(m), Avg Gradient(m/km), RMS Gradient(m/km) - ASTER GDEM
#   32.698  -3.880   7.378 ;Mean Elev.(m), Avg Gradient(m/km), RMS Gradient(m/km) - GMTED2010 
  7    28.889 52468.70790931 16.36  55.396070  66.173272 18.201
  7    29.855 52468.70790996 15.97  55.392840  66.176362 18.201
  7    30.455 52468.70791060 21.96  55.389600  66.179442 18.201
  8    27.589 52503.70789735 15.16  55.397866  66.175243 12.708
  8    27.420 52503.70789799 18.05  55.394636  66.178323 12.708
  8    27.862 52503.70789864 18.98  55.391396  66.181413 12.708
  9    28.619 52538.70788019 17.76  55.386749  66.167004  7.792
  9    30.413 52538.70788084 15.95  55.383521  66.170084 14.453
 10    24.343 52573.70792236 34.20  55.393216  66.171068 11.101
 10    24.364 52573.70792300 41.36  55.389976  66.174148 11.101
 10    23.826 52573.70792365 38.52  55.386746  66.177238 11.101
 11    26.141 52608.70788228 24.37  55.397841  66.178222  4.672
 11    25.873 52608.70788292 24.49  55.394611  66.181302  4.672
 12    27.738 52643.70787527 15.72  55.391105  66.170027  3.956
 12    28.544 52643.70787591 15.78  55.387875  66.173117  3.956
 12    27.986 52643.70787656 15.83  55.384636  66.176199  2.246
 13    28.785 52678.70785785 13.34  55.400741  66.180117  2.169
 13    29.130 52678.70785849 13.59  55.397501  66.183197  2.169
 13    29.162 52678.70785914 13.80  55.394261  66.186287  2.169
 15    29.553 52748.70792329 10.01  55.394845  66.174220  3.037
 15    29.388 52748.70792394  9.88  55.391615  66.177310  3.037
 15    31.239 52748.70792458  9.58  55.388375  66.180390  3.037
 16    34.103 52783.70786306 33.69  55.385846  66.164985 18.639
 16    34.169 52783.70786370 36.98  55.382606  66.168065 18.639
 21    24.664 52958.70794457 43.97  55.392281  66.171836  8.016
 21    24.773 52958.70794522 46.65  55.389046  66.174916  8.455
 21    24.532 52958.70794586 46.93  55.385806  66.177996  8.455
 22    28.964 52993.70797288 14.86  55.393786  66.173266  4.655
 22    29.239 52993.70797352 14.83  55.390545  66.176347  3.481
 22    30.136 52993.70797417 13.74  55.387315  66.179427  3.481
 23    28.641 53028.70793816 12.91  55.405571  66.179460  2.949
 23    28.759 53028.70793880 12.82  55.402331  66.182540  2.949
 23    29.447 53028.70793945 12.38  55.399101  66.185630  2.949
 24    28.989 53063.70794561 11.30  55.395855  66.175322  2.500
 24    29.544 53063.70794626 11.70  55.392625  66.178402  2.500
 24    30.079 53063.70794690 11.27  55.389385  66.181492  2.500
 25    31.734 53098.70796039 11.09  55.398525  66.177216  2.111
 25    31.761 53098.70796104 11.40  55.395295  66.180296  2.111
 25    32.172 53098.70796168 11.08  55.392065  66.183386  2.111
 26    23.249 53133.70794456 21.68  55.394734  66.176400  7.352
 26    31.085 53133.70794520 18.82  55.391494  66.179480  7.352
 29    22.472 53238.70798691 47.12  55.402235  66.181376 22.338
 29    22.645 53238.70798756 39.75  55.398995  66.184466 22.338
 29    22.278 53238.70798820 48.27  55.395755  66.187546 22.338
 30    26.449 53273.70794584 22.65  55.386439  66.165436 14.212
 30    29.735 53273.70794649 17.53  55.383209  66.168526 14.212
 30    30.235 53273.70794713 22.20  55.379975  66.171604 13.676
 31    23.179 53308.70800272 44.66  55.391021  66.168765 15.496
 31    23.286 53308.70800336 48.10  55.387791  66.171845 15.496
 31    23.244 53308.70800401 48.98  55.384551  66.174935 15.496
 33    28.847 53378.70791205 15.16  55.388277  66.165835  2.794
 33    28.310 53378.70791269 15.58  55.385047  66.168925  2.794
 33    28.916 53378.70791334 15.81  55.381807  66.172005  2.794
 34    28.073 53413.70794699 13.53  55.396772  66.177733  2.712
 34    28.797 53413.70794764 13.39  55.393542  66.180813  2.712
 35    28.023 53448.70793468 14.29  55.384019  66.166233  4.203
 35    28.631 53448.70793532 14.00  55.380789  66.169323  4.203
 36    30.583 53483.70801999  6.06  55.389192  66.166664  2.871
 36    30.473 53483.70802064  6.32  55.385952  66.169754  2.871
 36    31.134 53483.70802128  6.62  55.382721  66.172837  2.440
 39    25.698 53588.70799118 19.94  55.400956  66.181356  9.762
 39    24.253 53588.70799182 23.89  55.397716  66.184436  9.762
 40    23.034 53623.70796229 31.08  55.383301  66.163075 14.195
 40    23.774 53623.70796293 37.13  55.380071  66.166155 14.195
 40    22.643 53623.70796358 45.54  55.376831  66.169245 14.195
 41    26.632 53658.70799066 44.93  55.388240  66.171176 16.529
 41    26.011 53658.70799130 42.62  55.384998  66.174258 13.136
 42    28.838 53693.70797098 22.17  55.397138  66.177711  8.307
 42    29.396 53693.70797163 19.79  55.393908  66.180791  8.307
 43    25.223 53728.70789488 26.19  55.404939  66.183193  6.211
 43    25.266 53728.70789552 23.24  55.401709  66.186283  6.211
 44    27.678 53763.70785416 14.88  55.391381  66.174462  4.072
 44    29.247 53763.70785481 13.88  55.388145  66.177542  2.123
 45    28.255 53798.70786348 13.16  55.402790  66.181347  2.217
 45    28.523 53798.70786412 13.09  55.399560  66.184437  2.217
 45    29.789 53798.70786477 12.80  55.396320  66.187517  2.217
 46    27.837 53833.70785701 13.51  55.386431  66.168862  3.117
 46    27.686 53833.70785765 13.05  55.383191  66.171952  3.117
 47    24.600 53868.70792236 25.56  55.390500  66.171008 13.574
 47    24.862 53868.70792301 24.43  55.387260  66.174098 13.574
 50    27.747 53973.70795250 19.20  55.398083  66.177747 12.195
 50    29.769 53973.70795314 17.51  55.394849  66.180835  7.857
 50    29.531 53973.70795378 18.75  55.391609  66.183915  7.857
 51    26.284 54008.70794187 36.74  55.388956  66.166780 13.632
 51    26.590 54008.70794251 36.63  55.385726  66.169860 13.632
 51    26.673 54008.70794316 44.95  55.382486  66.172950 13.632
 52    27.007 54043.70796407 28.77  55.395211  66.172989  8.343
 52    26.603 54043.70796471 28.34  55.391981  66.176079  8.343
 53    28.241 54078.70795828 16.40  55.399768  66.177022  4.909
 53    29.003 54078.70795892 15.93  55.396532  66.180108  2.902
 53    29.206 54078.70795957 16.57  55.393292  66.183188  2.902
 54    28.311 54113.70789637 16.20  55.404461  66.181993  2.822
 54    28.586 54113.70789702 15.81  55.401221  66.185083  2.822
 54    29.125 54113.70789766 15.05  55.397991  66.188163  2.822
 56    29.361 54183.70788537 13.87  55.405040  66.179791  2.462
 56    29.481 54183.70788602 14.15  55.401810  66.182871  2.462
 56    30.492 54183.70788666 14.44  55.398580  66.185961  2.462
 57    26.913 54218.70791183 22.75  55.390034  66.170989  9.271
 57    27.466 54218.70791247 21.74  55.386794  66.174072  9.116
 58    31.266 54253.70793701 29.07  55.394487  66.173138 14.114
 58    30.891 54253.70793765 27.57  55.391252  66.176225 11.860
 63    25.831 54428.70784478 23.61  55.401559  66.177348  7.665
 63    26.013 54428.70784542 23.07  55.398322  66.180435  4.770
 63    28.470 54428.70784607 23.46  55.395082  66.183515  4.770
 64    28.712 54463.70785665 15.69  55.393040  66.171481  5.245
 64    29.667 54463.70785730 15.41  55.389800  66.174571  5.245
 64    29.614 54463.70785794 15.17  55.386565  66.177654  2.886
 65    28.994 54498.70785465 12.80  55.400017  66.177373  2.165
 65    29.491 54498.70785529 12.61  55.396787  66.180453  2.165
 65    30.052 54498.70785594 11.82  55.393547  66.183543  2.165
 66    28.573 54533.70787139 11.43  55.393638  66.175938  2.151
 66    29.652 54533.70787203 11.39  55.390398  66.179018  2.151
 67    28.376 54568.70785946  9.21  55.402291  66.181729  2.190
 67    29.303 54568.70786010  8.66  55.399061  66.184809  2.190
 67    28.869 54568.70786074  8.65  55.395821  66.187899  2.190
 68    25.840 54603.70786570 20.96  55.393920  66.172807  7.593
 68    28.669 54603.70786635 19.76  55.390690  66.175897  7.593
 71    28.852 54708.70783828 16.03  55.402241  66.179401  7.418
 71    29.608 54708.70783893 16.19  55.399011  66.182491  7.418
 71    28.516 54708.70783957 18.79  55.395771  66.185571  7.418
 72    27.601 54743.70784507 19.07  55.394080  66.172294 10.729
 72    29.856 54743.70784572 18.58  55.390850  66.175384 10.729
 75    28.808 54848.70782021 14.60  55.399607  66.178163  2.568
 75    29.312 54848.70782085 13.89  55.396377  66.181243  2.568
 75    29.572 54848.70782150 13.69  55.393137  66.184333  2.568
 76    28.637 54883.70784181 14.27  55.393240  66.171924  2.601
 76    28.962 54883.70784245 14.21  55.390010  66.175014  2.601
 76    29.913 54883.70784310 14.31  55.386770  66.178094  2.601
 77    29.277 54918.70782290 10.59  55.402016  66.180923  2.617
 77    29.951 54918.70782355 10.07  55.398776  66.184013  2.617
 77    31.113 54918.70782419  9.77  55.395546  66.187093  2.617
 78    29.689 54953.70783649  8.76  55.393316  66.171468  2.154
 78    30.030 54953.70783713  9.03  55.390086  66.174548  2.154
 78    29.724 54953.70783778  8.86  55.386846  66.177638  2.154
 79    33.025 54988.70786070 44.47  55.392334  66.172729 13.852
 79    32.893 54988.70786134 45.97  55.389104  66.175819 13.852
 79    32.712 54988.70786199 43.98  55.385864  66.178899 13.852
 82    28.494 55093.70780257 15.80  55.404204  66.179206 11.770
 82    32.442 55093.70780322 15.56  55.400964  66.182296 11.770
 82    24.314 55093.70780386 36.78  55.397734  66.185376 11.770
 84    26.126 55163.70776409 24.25  55.397501  66.177951  6.180
 84    27.585 55163.70776473 24.51  55.394271  66.181031  6.180
 85    27.966 55198.70777986 16.20  55.391933  66.171872  3.224
 85    29.426 55198.70778051 17.60  55.388693  66.174962  3.224
 85    29.140 55198.70778115 16.91  55.385453  66.178042  3.224
 86    27.925 55233.70776911 15.35  55.399474  66.180392  3.071
 86    28.558 55233.70776975 16.74  55.396244  66.183482  3.071
 87    27.601 55268.70777495 16.30  55.393880  66.174918  3.562
 87    26.734 55268.70777559 16.64  55.390650  66.177998  3.562
 88    30.649 55303.70774956  8.25  55.403367  66.182227  3.366
 88    33.673 55303.70775020  7.42  55.400137  66.185307  3.366
 92    29.592 55443.70775718 15.89  55.396070  66.177496 12.152
 92    29.499 55443.70775783 18.65  55.392840  66.180576 12.152
