# NaN NaN NaN ;Mean Elev.(m), Avg Gradient(m/km), RMS Gradient(m/km) - SRTM1     
#  -14.566   0.696   3.810 ;Mean Elev.(m), Avg Gradient(m/km), RMS Gradient(m/km) - ASTER GDEM
#   18.536  -0.005   2.183 ;Mean Elev.(m), Avg Gradient(m/km), RMS Gradient(m/km) - GMTED2010 
  6     7.349 52420.71403519 24.75  52.393246  66.948722 16.280
  6     7.825 52420.71403583 22.99  52.389816  66.951792 16.280
  6     8.215 52420.71403648 22.75  52.386386  66.954862 16.280
  6     8.403 52420.71403712 21.21  52.382956  66.957932 16.280
  6     8.557 52420.71403777 21.92  52.379516  66.961002 16.280
  7     6.147 52455.71405898 24.34  52.396986  66.950785 31.635
  7     5.739 52455.71405963 24.51  52.393556  66.953855 31.635
  7     6.086 52455.71406027 28.90  52.390126  66.956925 31.635
  7     6.044 52455.71406092 36.25  52.386696  66.959995 31.635
  7     5.960 52455.71406156 42.84  52.383266  66.963065 31.635
  7     5.982 52455.71406221 44.49  52.379828  66.966131 29.925
  8     7.149 52490.71403408 21.65  52.400559  66.957396 36.307
  8     2.303 52490.71403472 31.23  52.397119  66.960466 36.307
  8     2.303 52490.71403537 23.44  52.393689  66.963536 36.307
  8     2.209 52490.71403601 23.64  52.390259  66.966606 36.307
  8     2.305 52490.71403666 31.30  52.386829  66.969676 36.307
  8     2.374 52490.71403730 46.06  52.383399  66.972746 36.307
 10     9.350 52560.71406056 21.74  52.394364  66.947234 27.599
 10     5.435 52560.71406120 19.54  52.390934  66.950304 27.599
 10     4.927 52560.71406185 19.71  52.387504  66.953374 27.599
 10     3.768 52560.71406249 24.55  52.384074  66.956439 31.303
 10     4.920 52560.71406314 24.80  52.380644  66.959509 31.303
 10     4.662 52560.71406378 25.41  52.377214  66.962579 31.303
 11     4.603 52595.71407003 22.86  52.395770  66.949273  6.250
 11     3.974 52595.71407067 24.50  52.392350  66.952343  6.250
 11     3.833 52595.71407132 28.36  52.388920  66.955403  6.250
 11     3.782 52595.71407196 28.24  52.385490  66.958473  6.250
 11     3.882 52595.71407261 25.64  52.382060  66.961543  6.250
 11     3.877 52595.71407325 26.05  52.378630  66.964613  6.250
 12     4.788 52630.71400567 19.54  52.391817  66.948601  3.783
 12     4.252 52630.71400632 19.63  52.388387  66.951671  3.783
 12     4.167 52630.71400696 20.11  52.384957  66.954731  3.783
 12     4.210 52630.71400761 19.79  52.381527  66.957801  3.783
 12     3.966 52630.71400825 20.10  52.378097  66.960871  3.783
 15     7.090 52735.71403998  9.52  52.401029  66.957522  2.489
 15     6.876 52735.71404062  9.76  52.397599  66.960592  2.489
 15     6.622 52735.71404127  9.95  52.394169  66.963662  2.489
 15     6.172 52735.71404191  9.83  52.390729  66.966732  2.489
 15     5.781 52735.71404256  9.57  52.387307  66.969797  2.231
 15     5.515 52735.71404320  9.85  52.383867  66.972867  2.231
 17     7.490 52805.71406221 25.75  52.388901  66.945047 14.816
 17     8.297 52805.71406285 22.64  52.385471  66.948107 14.816
 17     8.947 52805.71406350 22.37  52.382041  66.951177 14.816
 17     9.199 52805.71406414 23.55  52.378611  66.954247 14.816
 17     9.387 52805.71406478 27.91  52.375181  66.957317 14.816
 18     2.838 52840.71412284 41.63  52.394131  66.946603 26.922
 18     2.748 52840.71412348 45.73  52.390701  66.949673 26.922
 18     2.885 52840.71412413 44.02  52.387281  66.952743 26.922
 18     2.910 52840.71412477 44.63  52.383841  66.955803 26.922
 18     2.885 52840.71412542 48.83  52.380411  66.958873 26.922
 18     2.732 52840.71412606 48.81  52.376981  66.961943 26.922
 20     4.717 52910.71413139 50.25  52.403902  66.960511 20.841
 20     4.754 52910.71413204 53.30  52.400472  66.963571 20.841
 20     4.610 52910.71413268 37.68  52.397042  66.966641 20.841
 20     4.605 52910.71413333 37.67  52.393612  66.969711 20.841
 20     4.649 52910.71413397 50.77  52.390182  66.972781 20.841
 20     4.752 52910.71413462 54.19  52.386752  66.975851 20.841
 23     4.904 53015.71411854 16.33  52.400910  66.954795  3.429
 23     6.868 53015.71411918 16.12  52.397480  66.957855  3.429
 23     1.504 53015.71411982 21.86  52.394060  66.960925  3.429
 23     1.570 53015.71412047 22.75  52.390630  66.963995  3.429
 23     2.872 53015.71412111 17.12  52.387190  66.967065  3.429
 23     3.934 53015.71412176 15.43  52.383760  66.970135  3.429
 24     6.658 53050.71409315 15.71  52.392419  66.947482  5.166
 24     3.999 53050.71409379 15.81  52.388989  66.950552  5.166
 24     3.952 53050.71409444 15.57  52.385559  66.953622  5.166
 24     3.928 53050.71409508 15.68  52.382129  66.956682  5.166
 24     1.580 53050.71409573 19.52  52.378689  66.959752  5.166
 25     6.292 53085.71412970 13.20  52.399892  66.950287  2.484
 25     5.783 53085.71413035 13.83  52.396462  66.953347  2.484
 25     6.392 53085.71413099 13.87  52.393042  66.956417  2.484
 25     6.364 53085.71413163 13.55  52.389612  66.959487  2.484
 25     5.657 53085.71413228 13.26  52.386182  66.962557  2.484
 25     5.586 53085.71413292 12.95  52.382752  66.965627  2.484
 26     4.439 53120.71409942 10.87  52.392795  66.946370  2.604
 26     4.097 53120.71410007 10.78  52.389365  66.949440  2.604
 26     3.933 53120.71410071 10.69  52.385935  66.952510  2.604
 26     3.683 53120.71410136 11.29  52.382505  66.955570  2.604
 26     3.434 53120.71410200 11.60  52.379075  66.958640  2.604
 26     3.821 53120.71410265 10.63  52.375645  66.961710  2.604
 27     8.769 53155.71415346 29.14  52.391364  66.947356 27.710
 27     8.581 53155.71415410 28.13  52.387934  66.950426 27.710
 27     8.862 53155.71415474 25.13  52.384504  66.953496 27.710
 27     9.142 53155.71415539 27.11  52.381084  66.956556 27.710
 27     9.183 53155.71415603 25.91  52.377644  66.959626 27.710
 28     6.588 53190.71414537 51.55  52.400314  66.954148 44.633
 28     6.575 53190.71414602 54.98  52.396884  66.957208 44.633
 28     6.568 53190.71414666 52.99  52.393454  66.960278 44.633
 28     6.559 53190.71414731 49.60  52.390014  66.963348 44.633
 28     6.545 53190.71414795 52.71  52.386584  66.966418 44.633
 28     6.532 53190.71414860 51.35  52.383154  66.969488 44.633
 29     8.286 53225.71415287 22.70  52.400959  66.955819 29.044
 29     1.304 53225.71415351 27.76  52.397529  66.958879 29.044
 29     1.347 53225.71415416 35.13  52.394099  66.961949 29.044
 29     1.232 53225.71415480 26.58  52.390659  66.965019 29.044
 29     1.327 53225.71415545 23.04  52.387229  66.968089 29.044
 29     3.107 53225.71415609 19.82  52.383799  66.971159 29.044
 30     8.551 53260.71412711 19.07  52.402383  66.955906 33.338
 30     1.805 53260.71412776 20.87  52.398963  66.958966 33.338
 30     1.691 53260.71412840 30.63  52.395533  66.962036 33.338
 30     1.757 53260.71412905 24.44  52.392103  66.965106 33.338
 30     1.675 53260.71412969 23.69  52.388673  66.968176 33.338
 30     2.070 53260.71413034 24.82  52.385243  66.971246 33.338
 31     3.042 53295.71415595 31.78  52.389592  66.944079 22.282
 31     2.931 53295.71415659 29.95  52.386162  66.947149 22.282
 31     2.953 53295.71415724 23.29  52.382732  66.950219 22.282
 31     3.112 53295.71415788 29.27  52.379312  66.953279 22.282
 31     3.099 53295.71415853 34.23  52.375872  66.956349 22.282
 32     4.853 53330.71412959 26.30  52.399588  66.951162  5.348
 32     4.426 53330.71413023 25.88  52.396158  66.954232  5.348
 32     3.917 53330.71413088 25.90  52.392738  66.957302  5.348
 32     3.398 53330.71413152 25.61  52.389308  66.960362  5.348
 32     2.942 53330.71413217 26.72  52.385868  66.963432  5.348
 32     2.922 53330.71413281 25.65  52.382438  66.966502  5.348
 33     6.765 53365.71407934 20.66  52.404113  66.960060  5.352
 33     6.236 53365.71407999 20.19  52.400683  66.963120  5.352
 33     5.837 53365.71408063 20.16  52.397253  66.966190  5.352
 33     5.269 53365.71408127 19.48  52.393813  66.969260  5.352
 33     4.021 53365.71408192 18.81  52.390383  66.972330  5.352
 33     4.005 53365.71408256 18.18  52.386953  66.975400  5.352
 34     5.022 53400.71410364 16.90  52.393662  66.949477  3.755
 34     7.315 53400.71410428 15.25  52.390242  66.952537  3.755
 34     7.010 53400.71410492 14.91  52.386812  66.955607  3.755
 34     5.853 53400.71410557 14.75  52.383372  66.958677  3.755
 34     5.705 53400.71410621 14.36  52.379942  66.961747  3.755
 35     7.257 53435.71409477 15.06  52.402118  66.958437  3.186
 35     6.976 53435.71409541 15.09  52.398698  66.961497  3.186
 35     7.069 53435.71409606 14.79  52.395268  66.964567  3.186
 35     6.853 53435.71409670 14.61  52.391828  66.967637  3.186
 35     6.764 53435.71409735 14.01  52.388398  66.970707  3.186
 35     6.042 53435.71409799 14.30  52.384968  66.973777  3.186
 36     7.191 53470.71414073  8.36  52.390835  66.947385  2.472
 36     6.765 53470.71414138  8.82  52.387405  66.950455  2.472
 36     7.065 53470.71414202  8.67  52.383985  66.953515  2.472
 36     8.095 53470.71414267  8.13  52.380545  66.956585  2.472
 36     6.656 53470.71414331  8.32  52.377115  66.959655  2.472
 37     5.319 53505.71417775 41.63  52.399207  66.947986 31.705
 37     5.296 53505.71417840 41.04  52.395777  66.951056 31.705
 37     5.250 53505.71417904 39.78  52.392347  66.954126 31.705
 37     5.278 53505.71417969 41.19  52.388927  66.957196 31.705
 37     5.348 53505.71418033 41.30  52.385497  66.960256 31.705
 37     5.219 53505.71418098 39.10  52.382057  66.963326 31.705
 38     6.075 53540.71418050 25.67  52.398060  66.950331 24.529
 38     8.051 53540.71418114 16.09  52.394640  66.953391 24.529
 38     8.171 53540.71418179 19.57  52.391210  66.956461 24.529
 38     8.234 53540.71418243 20.89  52.387780  66.959531 24.529
 38     8.403 53540.71418307 21.05  52.384340  66.962601 24.529
 38     8.406 53540.71418372 20.17  52.380910  66.965671 24.529
 39     2.228 53575.71417352 50.18  52.399414  66.955032 36.849
 39     2.161 53575.71417416 51.73  52.395994  66.958092 36.849
 39     2.140 53575.71417481 53.46  52.392564  66.961162 36.849
 39     2.140 53575.71417545 40.57  52.389134  66.964232 36.849
 39     2.205 53575.71417610 50.18  52.385694  66.967302 36.849
 39     2.272 53575.71417674 51.76  52.382264  66.970372 36.849
 40     1.962 53610.71412528 35.82  52.402792  66.958900 36.632
 40     1.963 53610.71412593 38.48  52.399362  66.961970 36.632
 40     1.886 53610.71412657 37.56  52.395932  66.965040 36.632
 40     1.573 53610.71412722 29.08  52.392502  66.968110 36.632
 40     1.896 53610.71412786 29.44  52.389072  66.971180 36.632
 40     1.949 53610.71412850 37.03  52.385632  66.974250 36.632
 41     3.269 53645.71412696 29.15  52.392046  66.946330 29.368
 41     3.084 53645.71412760 25.87  52.388606  66.949400 29.368
 41     3.155 53645.71412825 23.42  52.385176  66.952470 29.368
 41     3.261 53645.71412889 34.82  52.381746  66.955530 29.368
 41     3.237 53645.71412954 30.74  52.378316  66.958600 29.368
 41     4.206 53645.71413018 29.43  52.374886  66.961670 29.368
 42     5.448 53680.71414420 23.12  52.397927  66.950270 17.215
 42     5.007 53680.71414484 21.63  52.394497  66.953330 17.215
 42     4.859 53680.71414549 20.41  52.391077  66.956400 17.215
 42     4.170 53680.71414613 21.99  52.387647  66.959470 17.215
 42     4.280 53680.71414678 20.88  52.384217  66.962540 17.215
 42     4.194 53680.71414742 22.10  52.380777  66.965610 17.215
 43     3.069 53715.71407350 43.06  52.403717  66.959267 16.019
 43     2.881 53715.71407414 50.88  52.400287  66.962337 16.019
 43     2.936 53715.71407479 36.60  52.396857  66.965407 16.019
 43     2.728 53715.71407543 30.14  52.393427  66.968477 16.019
 43     3.116 53715.71407608 30.10  52.389987  66.971547 16.019
 43     2.999 53715.71407672 28.45  52.386557  66.974617 16.019
 44     4.983 53750.71398877 13.96  52.393654  66.946843  2.729
 44     4.920 53750.71398942 14.30  52.390224  66.949913  2.729
 44     4.197 53750.71399006 14.54  52.386794  66.952983  2.729
 44     4.384 53750.71399071 13.99  52.383364  66.956043  2.729
 44     4.439 53750.71399135 13.95  52.379924  66.959113  2.729
 44     4.350 53750.71399200 13.71  52.376494  66.962183  2.729
 45     4.643 53785.71402091 12.96  52.399048  66.957854  2.797
 45     4.689 53785.71402156 12.79  52.395628  66.960924  2.797
 45     4.104 53785.71402220 13.65  52.392188  66.963994  2.797
 45     4.627 53785.71402284 12.98  52.388758  66.967064  2.797
 45     4.492 53785.71402349 12.69  52.385328  66.970134  2.797
 46     6.157 53820.71398005 12.81  52.404919  66.966092  2.736
 46     5.987 53820.71398069 12.76  52.401489  66.969162  2.736
 46     5.473 53820.71398134 12.35  52.398059  66.972232  2.736
 46     5.902 53820.71398198 12.04  52.394619  66.975302  2.736
 46     5.256 53820.71398263 11.90  52.391189  66.978372  2.736
 46     4.938 53820.71398327 12.26  52.387759  66.981442  2.736
 47     1.329 53855.71406305 19.48  52.390935  66.947791 12.611
 47     1.306 53855.71406369 14.81  52.387505  66.950861 12.611
 47     1.424 53855.71406434 13.40  52.384075  66.953931 12.611
 47     3.659 53855.71406498 12.89  52.380645  66.957001 12.611
 47     1.483 53855.71406562 14.02  52.377215  66.960061 12.611
 48     8.391 53890.71407477 35.19  52.398814  66.953454 33.648
 48     8.578 53890.71407541 40.00  52.395384  66.956514 33.648
 48     8.587 53890.71407606 44.40  52.391944  66.959584 33.648
 48     8.583 53890.71407670 45.25  52.388514  66.962654 33.648
 48     8.543 53890.71407735 43.01  52.385084  66.965724 33.648
 48     8.523 53890.71407799 42.39  52.381654  66.968794 33.648
 49     2.874 53925.71413717 49.75  52.392134  66.945086 33.176
 49     3.014 53925.71413782 46.68  52.388704  66.948156 33.176
 49     2.949 53925.71413846 50.51  52.385274  66.951226 33.176
 49     2.981 53925.71413911 50.32  52.381844  66.954286 33.176
 49     2.997 53925.71413975 51.49  52.378414  66.957356 33.176
 49     2.914 53925.71414040 52.88  52.374984  66.960426 33.176
 50     6.273 53960.71412541 25.91  52.399484  66.951126 27.205
 50     7.978 53960.71412605 20.51  52.396054  66.954196 27.205
 50     4.960 53960.71412670 22.42  52.392634  66.957266 27.205
 50     5.342 53960.71412734 22.18  52.389204  66.960326 27.205
 50     5.215 53960.71412799 23.15  52.385774  66.963396 27.205
 50     5.252 53960.71412863 26.65  52.382334  66.966466 27.205
 51     3.114 53995.71406227 24.95  52.387065  66.943092 21.385
 51     3.286 53995.71406292 20.70  52.383635  66.946162 21.385
 51     4.525 53995.71406356 18.07  52.380205  66.949232 21.385
 51     6.608 53995.71406421 17.57  52.376775  66.952302 21.385
 51     4.655 53995.71406485 22.32  52.373335  66.955362 21.385
 52     2.304 54030.71411769 34.56  52.396122  66.946660 14.578
 52     2.292 54030.71411834 36.24  52.392692  66.949730 14.578
 52     2.377 54030.71411898 37.09  52.389262  66.952800 14.578
 52     2.566 54030.71411963 42.13  52.385832  66.955870 14.578
 52     2.397 54030.71412027 38.14  52.382392  66.958930 14.578
 52     2.412 54030.71412092 35.63  52.378962  66.962000 14.578
 54     4.584 54100.71407674 14.31  52.402574  66.958161  3.511
 54     3.981 54100.71407738 15.29  52.399154  66.961231  3.511
 54     3.234 54100.71407803 15.63  52.395724  66.964301  3.511
 54     2.344 54100.71407867 19.07  52.392294  66.967371  3.511
 54     3.520 54100.71407932 15.52  52.388854  66.970441  3.511
 54     3.637 54100.71407996 14.67  52.385424  66.973511  3.511
 55     5.241 54135.71403753 12.92  52.394919  66.945373  2.307
 55     6.567 54135.71403818 12.66  52.391499  66.948443  2.307
 55     5.331 54135.71403882 12.82  52.388069  66.951513  2.307
 55     5.237 54135.71403947 12.51  52.384639  66.954573  2.307
 55     4.973 54135.71404011 12.58  52.381199  66.957643  2.307
 55     4.435 54135.71404076 12.70  52.377769  66.960713  2.307
 57     5.677 54205.71404215  8.04  52.393686  66.944584  2.371
 57     5.743 54205.71404279  7.63  52.390256  66.947654  2.371
 57     5.903 54205.71404344  7.43  52.386836  66.950724  2.371
 57     5.553 54205.71404408  7.99  52.383396  66.953784  2.371
 57     4.991 54205.71404473  8.17  52.379966  66.956854  2.371
 57     5.392 54205.71404537  7.55  52.376536  66.959924  2.371
 58     8.497 54240.71407676 31.67  52.398920  66.950766 36.136
 58     8.310 54240.71407740 24.22  52.395490  66.953836 36.136
 58     8.422 54240.71407805 25.51  52.392060  66.956906 36.136
 58     8.441 54240.71407869 34.07  52.388630  66.959966 36.136
 58     8.423 54240.71407934 34.72  52.385200  66.963036 36.136
 58     8.382 54240.71407998 31.22  52.381770  66.966106 36.136
 59     7.531 54275.71409242 53.77  52.398640  66.951397 41.259
 59     7.601 54275.71409307 52.54  52.395220  66.954457 41.259
 59     7.625 54275.71409371 52.62  52.391790  66.957527 41.259
 59     7.636 54275.71409436 50.21  52.388350  66.960597 41.259
 59     7.600 54275.71409500 51.42  52.384920  66.963667 41.259
 59     7.589 54275.71409565 51.73  52.381490  66.966737 41.259
 61     3.753 54345.71406975 37.51  52.403115  66.959517 28.561
 61     3.566 54345.71407040 27.74  52.399685  66.962577 28.561
 61     3.690 54345.71407104 30.03  52.396255  66.965647 28.561
 61     3.736 54345.71407168 40.38  52.392825  66.968717 28.561
 61     3.593 54345.71407233 43.37  52.389385  66.971787 28.561
 61     3.426 54345.71407297 36.79  52.385955  66.974857 28.561
 62     7.826 54380.71402973 17.54  52.393523  66.948926 24.262
 62     7.947 54380.71403037 16.73  52.390093  66.951996 24.262
 62     7.636 54380.71403102 16.59  52.386653  66.955066 24.262
 62     4.947 54380.71403166 20.27  52.383223  66.958136 24.262
 62     4.866 54380.71403231 23.44  52.379793  66.961196 24.262
 63     3.760 54415.71401743 31.58  52.401133  66.954126 23.569
 63     3.832 54415.71401807 43.83  52.397703  66.957186 23.569
 63     3.720 54415.71401872 46.80  52.394283  66.960256 23.569
 63     3.751 54415.71401936 43.92  52.390853  66.963326 23.569
 63     3.866 54415.71402001 44.55  52.387413  66.966396 23.569
 63     3.662 54415.71402065 46.70  52.383983  66.969466 23.569
 64     4.801 54450.71399738 14.98  52.392604  66.946005  6.588
 64     4.254 54450.71399802 16.12  52.389174  66.949075  6.588
 64     3.544 54450.71399867 23.28  52.385744  66.952145  6.588
 64     3.505 54450.71399931 30.79  52.382314  66.955215  6.588
 64     3.349 54450.71399996 21.45  52.378884  66.958275  6.588
 64     3.646 54450.71400060 19.25  52.375444  66.961345  6.588
 65     3.670 54485.71401264 16.68  52.400281  66.951264  4.268
 65     3.242 54485.71401328 18.43  52.396851  66.954334  4.268
 65     2.855 54485.71401393 20.62  52.393421  66.957394  4.268
 65     2.914 54485.71401457 17.71  52.389991  66.960464  4.268
 65     2.506 54485.71401522 17.80  52.386561  66.963534  4.268
 65     3.325 54485.71401586 15.63  52.383131  66.966604  4.268
 66     5.626 54520.71401116 12.89  52.395542  66.948677  2.368
 66     5.629 54520.71401181 12.88  52.392112  66.951737  2.368
 66     5.900 54520.71401245 12.56  52.388682  66.954807  2.368
 66     4.518 54520.71401309 12.85  52.385252  66.957877  2.368
 66     4.172 54520.71401374 12.97  52.381812  66.960947  2.368
 66     4.500 54520.71401438 13.34  52.378382  66.964017  2.368
 67     1.287 54555.71402486  8.05  52.400118  66.957944  6.052
 67     1.370 54555.71402551  7.97  52.396688  66.961014  6.052
 67     1.213 54555.71402615 10.51  52.393258  66.964084  6.052
 67     1.551 54555.71402680  8.02  52.389828  66.967154  6.052
 67     1.517 54555.71402744  7.62  52.386398  66.970224  6.052
 67     4.283 54555.71402808  4.14  52.382958  66.973294  6.052
 68     4.575 54590.71400750 14.54  52.395769  66.949828  6.499
 68     4.191 54590.71400815 14.64  52.392349  66.952888  6.499
 68     3.402 54590.71400879 16.25  52.388919  66.955958  6.499
 68     3.069 54590.71400943 16.14  52.385479  66.959028  6.499
 68     2.418 54590.71401008 16.19  52.382049  66.962098  6.499
 68     2.112 54590.71401072 18.58  52.378619  66.965168  6.499
 69     9.611 54625.71402449 28.60  52.397772  66.954247 17.616
 69     9.349 54625.71402514 28.77  52.394342  66.957317 17.616
 69     9.154 54625.71402578 24.87  52.390912  66.960387 17.616
 69     9.081 54625.71402643 26.40  52.387482  66.963457 17.616
 69     9.454 54625.71402707 25.14  52.384052  66.966527 17.616
 70     6.404 54660.71403191 24.52  52.396474  66.949950 22.323
 70     8.087 54660.71403256 16.15  52.393044  66.953010 22.323
 70     8.118 54660.71403320 16.62  52.389614  66.956080 22.323
 70     8.294 54660.71403385 17.47  52.386184  66.959150 22.323
 70     8.004 54660.71403449 19.73  52.382754  66.962220 22.323
 70     5.223 54660.71403513 20.49  52.379314  66.965290 22.323
 71     9.008 54695.71401065 25.55  52.402247  66.955422 38.346
 71     1.886 54695.71401129 29.67  52.398817  66.958492 38.346
 71     1.961 54695.71401194 27.18  52.395387  66.961562 38.346
 71     1.923 54695.71401258 28.56  52.391957  66.964632 38.346
 71     1.954 54695.71401322 29.97  52.388527  66.967702 38.346
 71     1.949 54695.71401387 41.82  52.385097  66.970772 38.346
 72     3.815 54730.71398735 20.00  52.392695  66.949370 32.335
 72     3.770 54730.71398799 21.91  52.389265  66.952440 32.335
 72     3.879 54730.71398864 26.97  52.385835  66.955510 32.335
 72     3.767 54730.71398928 28.85  52.382395  66.958580 32.335
 72     3.903 54730.71398993 33.99  52.378965  66.961650 32.335
 73     8.232 54765.71398861 18.50  52.397741  66.952405 20.286
 73     8.342 54765.71398926 16.34  52.394311  66.955475 20.286
 73     7.310 54765.71398990 16.45  52.390881  66.958545 20.286
 73     3.901 54765.71399055 20.28  52.387451  66.961615 20.286
 73     4.315 54765.71399119 21.50  52.384011  66.964685 20.286
 73     7.138 54765.71399184 24.31  52.380581  66.967755 20.286
 74     4.245 54800.71398053 22.86  52.391849  66.946595  4.680
 74     3.863 54800.71398118 23.17  52.388419  66.949655  4.680
 74     3.645 54800.71398182 25.42  52.384989  66.952725  4.680
 74     3.628 54800.71398247 23.93  52.381549  66.955795  4.680
 74     3.659 54800.71398311 24.90  52.378119  66.958865  4.680
 75     5.550 54835.71398008 13.14  52.400181  66.951185  2.661
 75     4.859 54835.71398073 13.39  52.396751  66.954255  2.661
 75     4.797 54835.71398137 13.47  52.393321  66.957325  2.661
 75     4.306 54835.71398202 13.99  52.389891  66.960395  2.661
 75     3.045 54835.71398266 15.53  52.386461  66.963465  2.661
 75     4.712 54835.71398331 13.59  52.383031  66.966535  2.661
 76     4.784 54870.71397798 13.58  52.394716  66.945570  2.127
 76     4.736 54870.71397863 13.63  52.391286  66.948640  2.127
 76     4.738 54870.71397927 13.77  52.387866  66.951710  2.127
 76     5.075 54870.71397991 13.74  52.384426  66.954780  2.127
 76     4.404 54870.71398056 13.98  52.380996  66.957850  2.127
 76     4.758 54870.71398120 13.58  52.377566  66.960920  2.127
 77     5.359 54905.71398951 14.17  52.401429  66.957436  2.596
 77     5.621 54905.71399015 14.54  52.397999  66.960506  2.596
 77     4.588 54905.71399079 14.65  52.394569  66.963576  2.596
 77     4.168 54905.71399144 14.73  52.391139  66.966646  2.596
 77     4.393 54905.71399208 14.83  52.387709  66.969716  2.596
 77     4.537 54905.71399273 14.55  52.384279  66.972786  2.596
 78     5.091 54940.71397067 13.71  52.393720  66.948371  3.981
 78     1.605 54940.71397132 15.51  52.390290  66.951441  3.981
 78     1.619 54940.71397196 16.36  52.386860  66.954511  3.981
 78     1.838 54940.71397261 15.65  52.383430  66.957581  3.981
 78     1.659 54940.71397325 16.29  52.379990  66.960651  3.981
 78     3.618 54940.71397390 15.19  52.376560  66.963721  3.981
 79     7.740 54975.71399990 35.09  52.398161  66.948984 35.247
 79     7.712 54975.71400055 29.17  52.394741  66.952054 35.247
 79     7.429 54975.71400119 25.87  52.391311  66.955124 35.247
 79     7.376 54975.71400184 27.45  52.387881  66.958194 35.247
 79     7.515 54975.71400248 31.57  52.384441  66.961264 35.247
 79     7.678 54975.71400312 38.54  52.381011  66.964334 35.247
 80     8.209 55010.71401148 22.01  52.397906  66.954060 23.969
 80     7.449 55010.71401213 21.66  52.394476  66.957130 23.969
 80     7.311 55010.71401277 22.26  52.391046  66.960200 23.969
 80     7.535 55010.71401342 21.56  52.387616  66.963270 23.969
 80     7.875 55010.71401406 22.72  52.384186  66.966340 23.969
 81     6.467 55045.71400202 25.21  52.397860  66.950590 26.726
 81     7.980 55045.71400266 17.56  52.394430  66.953660 26.726
 81     4.332 55045.71400331 20.24  52.391000  66.956730 26.726
 81     1.699 55045.71400395 26.81  52.387570  66.959800 26.726
 81     1.873 55045.71400460 27.33  52.384130  66.962870 26.726
 81     1.900 55045.71400524 28.15  52.380700  66.965940 26.726
 82     1.533 55080.71397777 29.49  52.400900  66.959639 31.113
 82     1.635 55080.71397842 28.95  52.397470  66.962709 31.113
 82     1.668 55080.71397906 25.87  52.394040  66.965779 31.113
 82     1.714 55080.71397971 22.32  52.390610  66.968849 31.113
 82     2.007 55080.71398035 21.64  52.387180  66.971919 31.113
 82     1.916 55080.71398100 31.28  52.383740  66.974989 31.113
 83     4.850 55115.71393390 21.10  52.394238  66.949516 23.420
 83     3.515 55115.71393454 23.24  52.390808  66.952586 23.420
 83     3.736 55115.71393519 23.67  52.387378  66.955656 23.420
 83     3.975 55115.71393583 26.03  52.383938  66.958726 23.420
 83     4.050 55115.71393648 27.00  52.380508  66.961796 23.420
 84     4.184 55150.71393285 32.22  52.400691  66.950024 10.797
 84     4.179 55150.71393350 29.83  52.397261  66.953094 10.797
 84     3.902 55150.71393414 27.41  52.393831  66.956164 10.797
 84     2.968 55150.71393479 30.20  52.390401  66.959234 10.797
 84     2.726 55150.71393543 33.39  52.386971  66.962304 10.797
 84     2.599 55150.71393608 32.97  52.383541  66.965374 10.797
 85     4.860 55185.71391828 20.23  52.394077  66.945668  3.539
 85     4.433 55185.71391893 20.36  52.390647  66.948738  3.539
 85     4.701 55185.71391957 19.54  52.387227  66.951808  3.539
 85     3.660 55185.71392022 20.28  52.383787  66.954878  3.539
 85     3.896 55185.71392086 21.16  52.380357  66.957948  3.539
 85     3.726 55185.71392150 20.09  52.376927  66.961018  3.539
 86     7.285 55220.71393173 16.72  52.399010  66.953706  3.298
 86     5.115 55220.71393237 16.69  52.395580  66.956776  3.298
 86     6.421 55220.71393302 17.08  52.392150  66.959846  3.298
 86     3.545 55220.71393366 16.88  52.388720  66.962916  3.298
 86     6.063 55220.71393431 16.31  52.385290  66.965986  3.298
 86     5.921 55220.71393495 16.37  52.381860  66.969056  3.298
 87     5.302 55255.71391485 15.09  52.394978  66.949482  2.533
 87     4.779 55255.71391550 15.36  52.391558  66.952552  2.533
 87     4.270 55255.71391614 15.19  52.388128  66.955622  2.533
 87     3.845 55255.71391679 15.44  52.384688  66.958692  2.533
 87     3.676 55255.71391743 14.85  52.381258  66.961762  2.533
 87     3.701 55255.71391808 15.48  52.377828  66.964832  2.533
 88     7.248 55290.71392154  7.12  52.401834  66.958182  2.090
 88     7.744 55290.71392219  7.23  52.398404  66.961252  2.090
 88     7.472 55290.71392283  7.33  52.394974  66.964322  2.090
 88     7.460 55290.71392348  7.46  52.391544  66.967392  2.090
 88     7.409 55290.71392412  8.15  52.388114  66.970462  2.090
 88     7.691 55290.71392477  7.87  52.384684  66.973532  2.090
 89     8.852 55325.71390080 29.65  52.396465  66.950759 27.088
 89     8.550 55325.71390144 27.00  52.393035  66.953829 27.088
 89     8.550 55325.71390209 27.45  52.389605  66.956899 27.088
 89     8.488 55325.71390273 29.52  52.386175  66.959969 27.088
 89     8.419 55325.71390338 31.31  52.382745  66.963039 27.088
 89     8.340 55325.71390402 34.12  52.379305  66.966109 27.088
 90     8.394 55360.71389838 18.63  52.398650  66.954386 27.727
 90     7.499 55360.71389903 17.41  52.395220  66.957456 27.727
 90     7.283 55360.71389967 15.64  52.391790  66.960526 27.727
 90     6.931 55360.71390032 15.90  52.388360  66.963596 27.727
 90     7.553 55360.71390096 16.74  52.384930  66.966666 27.727
 90     7.739 55360.71390161 23.49  52.381490  66.969736 27.727
 91     2.717 55395.71390334 28.43  52.393628  66.948899 26.299
 91     2.829 55395.71390398 24.96  52.390198  66.951969 26.299
 91     2.792 55395.71390463 24.80  52.386768  66.955039 26.299
 91     2.855 55395.71390527 25.52  52.383338  66.958109 26.299
 91     4.840 55395.71390592 26.75  52.379898  66.961179 26.299
 92     1.915 55430.71391320 32.14  52.399224  66.951003 27.548
 92     1.806 55430.71391384 35.63  52.395794  66.954073 27.548
 92     1.676 55430.71391449 22.56  52.392364  66.957143 27.548
 92     3.767 55430.71391513 23.28  52.388934  66.960213 27.548
 92     1.935 55430.71391577 25.33  52.385494  66.963283 27.548
 92     4.011 55430.71391642 24.07  52.382064  66.966353 27.548
 93     8.050 55465.71387592 20.23  52.403824  66.960955 26.103
 93     5.444 55465.71387657 21.14  52.400394  66.964025 26.103
 93     3.526 55465.71387721 30.87  52.396964  66.967095 26.103
 93     3.647 55465.71387786 23.90  52.393534  66.970165 26.103
 93     3.413 55465.71387850 24.43  52.390104  66.973235 26.103
 93     3.405 55465.71387915 24.91  52.386664  66.976305 26.103
