# NaN NaN NaN ;Mean Elev.(m), Avg Gradient(m/km), RMS Gradient(m/km) - SRTM1     
#   -7.909  -1.190   5.934 ;Mean Elev.(m), Avg Gradient(m/km), RMS Gradient(m/km) - ASTER GDEM
#   24.000  -0.098   1.527 ;Mean Elev.(m), Avg Gradient(m/km), RMS Gradient(m/km) - GMTED2010 
  7  52.531650  66.040705    11.344    11.369  4 52454.32542032 26.087
  8  52.534485  66.037503     8.867     8.408  4 52489.32539800 22.082
  9  52.531780  66.046667     9.965     9.960  7 52524.32537289 27.018
 10  52.536548  66.036466     9.199     9.251  3 52559.32542416 23.520
 11  52.532733  66.043943     9.528     9.580  5 52594.32542651 35.844
 13  52.531954  66.038288     8.910     8.888  4 52664.32538923 16.342
 14  52.545134  66.028247    10.441     9.850  3 52699.32536473  9.851
 15  52.536475  66.037763    14.457    14.475  4 52734.32539052 13.446
 16  52.530001  66.049201     9.059     8.387  7 52769.32538426 30.214
 17  52.540787  66.030359    12.281    12.267  3 52804.32541632 39.782
 18  52.538496  66.031429     8.297     8.297  3 52839.32547849 29.767
 19  52.536407  66.034336     7.294     7.301  3 52874.32551755 47.918
 21  52.548038  66.028485     7.276     7.297  3 52944.32543002 46.769
 22  52.538560  66.032726     7.965     7.961  3 52979.32548280 29.377
 23  52.533060  66.044986     7.173     7.339  6 53014.32547867 23.389
 24  52.540790  66.032520     7.714     7.240  3 53049.32545286 29.528
 25  52.531418  66.047847    11.674    11.830  7 53084.32548622 14.370
 26  52.537361  66.035143     8.904     8.819  4 53119.32545846  9.486
 27  52.534388  66.039430    14.867    14.903  4 53154.32550949 29.696
 28  52.537874  66.033659    13.200    13.353  3 53189.32549987 22.718
 29  52.533467  66.039505     6.847     6.836  4 53224.32551232 49.639
 30  52.530082  66.049293     8.782     8.105  8 53259.32548569 25.184
 31  52.533963  66.036358     8.294     8.319  4 53294.32551325 26.396
 32  52.535905  66.039067     8.284     8.268  4 53329.32548604 29.394
 33  52.530990  66.040922     8.111     7.911  4 53364.32543706 27.401
 34  52.537112  66.034846     9.020     8.977  4 53399.32546183 15.178
 35  52.532393  66.042333     9.594     9.550  4 53434.32545106 14.630
 36  52.538520  66.033688    14.294    14.264  4 53469.32549509 14.313
 37  52.532655  66.041374    10.579    10.582  5 53504.32553711 39.520
 38  52.534437  66.040637    12.337    12.605  4 53539.32553549 20.712
 39  52.533635  66.046595     7.560     7.586  7 53574.32553174 50.808
 40  52.529472  66.048717     8.754     8.924  7 53609.32548159 24.958
 41  52.540467  66.032128     8.646     8.617  3 53644.32548674 31.235
 42  52.533135  66.044467    10.261    10.048  5 53679.32550254 22.050
 43  52.530831  66.041473     7.251     7.232  4 53714.32543138 43.464
 44  52.544955  66.027560     9.666     8.850  3 53749.32534862 14.232
 45  52.535446  66.038172     8.581     8.723  4 53784.32537755 14.533
 46  52.530582  66.048937    10.129    10.295  7 53819.32533664 15.562
 47  52.536412  66.036178     6.601     6.574  3 53854.32541933 17.430
 48  52.538051  66.032154    13.773    13.799  3 53889.32542882 28.522
 49  52.530668  66.041184     8.261     8.213  5 53924.32549407 33.210
 50  52.532780  66.049243    11.452    11.055  7 53959.32548311 18.502
 51  52.549248  66.028375     9.724     8.542  3 53994.32541837 23.483
 52  52.540099  66.030944     7.311     7.320  3 54029.32547675 44.287
 53  52.534684  66.037715     9.544     9.571  3 54064.32546959 25.798
 54  52.531106  66.045653     8.827     8.847  5 54099.32543445 17.174
 55  52.540586  66.032559    10.213     9.941  3 54134.32539468 12.758
 57  52.538450  66.031716     6.562     6.581  3 54204.32539916 22.870
 58  52.536321  66.037575    13.427    13.430  4 54239.32543245 45.995
 59  52.533433  66.036806    12.937    12.917  4 54274.32544978 24.088
 60  52.535990  66.036886     8.964     8.944  3 54309.32545142 52.895
 61  52.533199  66.046374     8.823     8.840  7 54344.32542671 32.142
 62  52.538903  66.034566     9.843    10.052  3 54379.32538765 18.568
 63  52.533085  66.040245     9.155     9.162  4 54414.32537602 46.706
 64  52.539537  66.031837     8.717     8.678  3 54449.32535518 22.686
 65  52.535968  66.036451     8.849     8.818  4 54484.32537097 16.966
 66  52.540473  66.034321     8.873     9.058  3 54519.32536837 15.065
 67  52.531972  66.043999     6.974     6.956  6 54554.32538132 19.914
 68  52.536271  66.035392     8.023     7.661  3 54589.32536394 21.105
 69  52.534623  66.040361    15.032    14.980  4 54624.32538042 29.943
 70  52.535649  66.040122     8.937     8.950  4 54659.32538907 49.413
 71  52.532923  66.041360     7.157     7.117  4 54694.32536891 43.697
 72  52.539252  66.034280     9.180     9.095  3 54729.32534434 21.445
 73  52.533969  66.037541     8.669     8.522  4 54764.32534779 32.120
 74  52.539073  66.031445     8.980     8.974  3 54799.32533850 32.425
 75  52.535241  66.040310     9.141     9.217  4 54834.32533791 19.330
 76  52.540248  66.031590    10.139    10.225  3 54869.32533529 14.088
 77  52.532763  66.047720     9.794     9.582  7 54904.32534604 15.177
 78  52.537843  66.034468    10.366    10.192  3 54939.32532586 10.576
 79  52.535317  66.036401    12.451    12.451  3 54974.32535626 51.651
 80  52.533290  66.040915    12.935    12.880  4 55009.32536909 28.152
 81  52.536416  66.037911     7.565     7.558  4 55044.32535951 29.858
 82  52.531185  66.043322     9.184     9.075  6 55079.32533513 27.710
 83  52.538039  66.035014     9.613     9.390  4 55114.32529242 22.764
 84  52.533016  66.038370     7.879     7.856  4 55149.32529206 33.755
 85  52.540915  66.033855     8.656     8.840  3 55184.32527551 17.403
 86  52.532953  66.040990     9.094     9.088  4 55219.32528940 16.461
 87  52.539138  66.033067     9.184     9.118  3 55254.32527192 14.185
 88  52.532796  66.047320    11.738    11.944  7 55289.32527785  8.961
 89  52.533243  66.038117    14.392    14.412  4 55324.32525778 44.537
 90  52.533242  66.040004    11.587    11.686  5 55359.32525567 38.348
 91  52.538492  66.035949     8.243     8.271  3 55394.32526045 37.527
 92  52.535801  66.036847     7.062     7.007  3 55429.32527175 25.484
 93  52.530344  66.043773     9.278     8.995  6 55464.32523346 29.779
