# NaN NaN NaN ;Mean Elev.(m), Avg Gradient(m/km), RMS Gradient(m/km) - SRTM1     
#   22.810  -0.213   2.104 ;Mean Elev.(m), Avg Gradient(m/km), RMS Gradient(m/km) - ASTER GDEM
#    5.627   0.417   3.366 ;Mean Elev.(m), Avg Gradient(m/km), RMS Gradient(m/km) - GMTED2010 
  9  52.883909  67.782443     2.977     2.977  2 52522.71020247 23.999
 10  52.868103  67.776870     0.546     0.580  3 52557.71025251 49.781
 11  52.874194  67.779181     0.127     0.122  3 52592.71024989 34.747
 12  52.872074  67.777182     1.279     1.330  4 52627.71016954 15.208
 13  52.877071  67.779796     1.106     0.993  3 52662.71021265 11.008
 14  52.868214  67.775078     0.783     0.731  3 52697.71018854 10.696
 17  52.864151  67.775961     3.417     3.377  3 52802.71023255 26.351
 18  52.873178  67.775600     3.245     3.504  3 52837.71029679 19.627
 19  52.875523  67.777930     1.618     1.756  3 52872.71033727 26.117
 20  52.883729  67.781309     3.254     3.254  2 52907.71032450 22.999
 21  52.871526  67.775586     0.578     0.571  3 52942.71025044 41.832
 23  52.879559  67.779283     0.373     0.373  2 53012.71030880 13.143
 24  52.868802  67.776121     0.834     0.625  3 53047.71027681 10.328
 25  52.875919  67.779286     3.784     3.841  3 53082.71031213  9.595
 27  52.871384  67.776749     3.294     3.284  4 53152.71033194 39.728
 28  52.879989  67.780563     3.088     3.088  2 53187.71031992 25.564
 32  52.878249  67.782345     0.338     0.338  2 53327.71030966 31.246
 34  52.872022  67.775404     0.951     0.897  3 53397.71028493 15.893
 36  52.868884  67.774936     0.364     0.140  3 53467.71031295 10.480
 37  52.875156  67.777099    -0.085    -0.050  3 53502.71036389 28.053
 39  52.877808  67.779397     2.910     2.910  2 53572.71036072 22.617
 40  52.890255  67.782038     3.007     3.007  2 53607.71030994 25.049
 41  52.866917  67.774865     3.270     3.543  3 53642.71031044 18.494
 42  52.875325  67.777646     1.871     1.874  3 53677.71032935 23.820
 45  52.881607  67.781249     0.952     0.952  2 53782.71020236  9.937
 47  52.865644  67.776840     2.112     2.064  3 53852.71024099  7.593
 48  52.880519  67.781810     3.134     3.134  2 53887.71024800 23.982
 49  52.868656  67.776438     3.165     3.173  4 53922.71031784 19.658
 50  52.875999  67.778176     2.343     2.343  2 53957.71031174 18.231
 51  52.859852  67.777523     2.810     2.810  2 53992.71023741 18.916
 52  52.871220  67.775198     0.618     0.607  3 54027.71029899 48.595
 53  52.882012  67.781564     1.411     1.411  2 54062.71029332 14.370
 54  52.886134  67.782838     0.985     0.985  2 54097.71026315 17.335
 57  52.867977  67.777048     1.578     1.776  3 54202.71021921 10.029
 58  52.877062  67.777971     2.591     2.644  3 54237.71025466 39.256
 59  52.879198  67.779771     3.170     3.170  2 54272.71027381 21.184
 60  52.875360  67.779860     2.650     2.768  3 54307.71027598 31.055
 62  52.871092  67.778695     0.659     0.663  3 54377.71021113 50.172
 64  52.867179  67.777290     0.503     0.513  3 54447.71017661 18.022
 66  52.869557  67.777703     1.221     1.343  3 54517.71019045 12.558
 67  52.882954  67.782735     3.642     3.642  2 54552.71020829  1.777
 68  52.876482  67.776638     2.852     2.701  3 54587.71018595  5.662
 69  52.875977  67.781667     4.723     4.723  2 54622.71020492 33.619
 70  52.875386  67.779760     1.130     1.130  2 54657.71021391 37.084
 72  52.872970  67.775739     2.759     2.472  3 54727.71016637 19.223
 73  52.876877  67.779878     2.587     2.263  3 54762.71017370 27.609
 74  52.866909  67.775331     0.412     0.387  4 54797.71015960 28.721
 76  52.869414  67.776139     1.200     1.343  4 54867.71015561 11.837
 77  52.882111  67.781664     1.418     1.418  2 54902.71017371  9.443
 78  52.875161  67.776049     2.715     2.753  3 54937.71014578  7.340
 79  52.874170  67.779436     1.910     1.913  3 54972.71017875 28.658
 80  52.876402  67.781377     3.381     3.381  2 55007.71019543 36.492
 81  52.876468  67.779980     2.883     2.810  3 55042.71018426 24.620
 83  52.874931  67.776020     2.856     2.657  3 55112.71011599 20.387
 84  52.875643  67.780619    -0.171    -0.171  2 55147.71011792 34.253
 85  52.867780  67.776133     1.134     1.106  4 55182.71009690 19.874
 86  52.880459  67.779898     0.692     0.692  2 55217.71011455 15.674
 87  52.871400  67.777619     0.064     0.057  3 55252.71009313 13.741
 88  52.883318  67.782467     0.054     0.054  2 55287.71010609 11.487
 89  52.876991  67.778915     1.880     1.880  2 55322.71008186 26.863
 90  52.875949  67.781801     2.963     2.963  2 55357.71008142 30.707
 91  52.873582  67.776280     3.225     3.094  3 55392.71008306 18.974
 92  52.877477  67.779176     3.021     3.021  2 55427.71009718 20.362
