# NaN NaN NaN ;Mean Elev.(m), Avg Gradient(m/km), RMS Gradient(m/km) - SRTM1     
#  -11.019  -0.955   4.779 ;Mean Elev.(m), Avg Gradient(m/km), RMS Gradient(m/km) - ASTER GDEM
#   30.000   0.135   1.130 ;Mean Elev.(m), Avg Gradient(m/km), RMS Gradient(m/km) - GMTED2010 
  7    14.061 52454.32548640 47.78  52.206957  65.723923 41.218
  7    14.018 52454.32548705 47.42  52.203827  65.720833 41.218
  7    13.993 52454.32548769 45.19  52.200687  65.717743 41.218
  7    13.984 52454.32548834 48.96  52.197567  65.714643 41.218
  7    14.149 52454.32548898 49.71  52.194437  65.711553 41.218
  8    11.354 52489.32546408 21.61  52.209897  65.720717 25.208
  8    11.172 52489.32546472 22.84  52.206767  65.717617 25.208
  8    11.234 52489.32546537 24.65  52.203643  65.714525 31.677
  8    11.314 52489.32546601 31.40  52.200513  65.711435 31.677
  8    11.395 52489.32546666 35.03  52.197383  65.708335 31.677
  8    11.436 52489.32546730 36.81  52.194253  65.705245 31.677
  9    13.063 52524.32543994 19.32  52.202400  65.725237  9.413
  9    12.307 52524.32544058 22.35  52.199270  65.722147  9.413
 10    10.623 52559.32549056 27.51  52.210279  65.718153 15.469
 10    11.248 52559.32549120 25.54  52.207149  65.715063 15.469
 10    11.388 52559.32549185 26.42  52.204019  65.711973 15.469
 10    11.502 52559.32549249 27.14  52.200889  65.708873 15.469
 10    11.529 52559.32549314 30.87  52.197759  65.705783 15.469
 11    12.035 52594.32549356 30.35  52.203281  65.722544 12.418
 11    11.880 52594.32549420 26.80  52.200151  65.719444 12.418
 13    12.680 52664.32545530 13.63  52.207318  65.721511  2.692
 13    12.596 52664.32545595 13.65  52.204188  65.718421  2.692
 13    12.538 52664.32545659 13.79  52.201058  65.715331  2.692
 13    12.697 52664.32545724 14.10  52.197928  65.712231  2.692
 13    13.128 52664.32545788 14.11  52.194803  65.709139  3.037
 14    11.678 52699.32543113 11.71  52.218929  65.709936  2.723
 14    11.880 52699.32543177 11.92  52.215799  65.706846  2.723
 14    12.411 52699.32543242 12.63  52.212669  65.703756  2.723
 14    12.711 52699.32543306 11.60  52.209549  65.700656  2.723
 14    12.488 52699.32543371 11.87  52.206419  65.697566  3.044
 14    12.942 52699.32543435 11.61  52.203289  65.694476  3.044
 14    13.343 52699.32543500 11.33  52.200159  65.691376  3.044
 14    13.941 52699.32543564 11.71  52.197039  65.688286  3.044
 14    14.903 52699.32543629 11.15  52.193909  65.685196  3.044
 15    15.754 52734.32545724 12.17  52.208772  65.717894  1.894
 15    15.076 52734.32545789 12.16  52.205642  65.714794  1.894
 15    14.308 52734.32545853 12.40  52.202522  65.711704  1.894
 15    13.775 52734.32545918 13.15  52.199392  65.708604  1.894
 15    14.191 52734.32545982 12.75  52.196262  65.705514  1.894
 16    11.277 52769.32545131 34.86  52.200604  65.727767 29.619
 16    11.261 52769.32545195 36.61  52.197464  65.724677 29.619
 16    11.220 52769.32545260 36.66  52.194334  65.721587 29.619
 17    14.132 52804.32548272 34.58  52.214543  65.712058 30.575
 17    14.162 52804.32548336 35.90  52.211413  65.708958 30.575
 17    14.439 52804.32548401 38.37  52.208283  65.705868 30.575
 17    14.390 52804.32548465 41.21  52.205153  65.702778 30.575
 17    14.568 52804.32548530 40.26  52.202023  65.699678 30.575
 17    14.787 52804.32548594 49.28  52.198893  65.696588 30.575
 18    12.420 52839.32554489 21.37  52.212310  65.713117 16.243
 18    11.954 52839.32554553 23.42  52.209180  65.710017 16.243
 18    11.915 52839.32554618 24.74  52.206050  65.706927 16.243
 18    12.648 52839.32554682 24.29  52.202920  65.703837 16.243
 18    12.963 52839.32554747 23.26  52.199790  65.700737 16.243
 19    10.176 52874.32558395 48.43  52.210210  65.716017 24.532
 19    10.118 52874.32558460 44.46  52.207080  65.712927 24.532
 19    10.308 52874.32558524 42.82  52.203950  65.709827 24.532
 19    10.221 52874.32558589 51.28  52.200820  65.706737 24.532
 19    10.161 52874.32558653 52.17  52.197690  65.703647 24.532
 21    10.236 52944.32549706 52.13  52.218692  65.707092 20.039
 21    10.206 52944.32549771 52.22  52.215562  65.704002 20.039
 21    10.149 52944.32549835 51.91  52.212432  65.700912 20.039
 21    10.139 52944.32549900 52.64  52.209311  65.697814 41.143
 21    10.233 52944.32549964 50.99  52.206181  65.694724 41.143
 21    10.275 52944.32550029 46.40  52.203051  65.691624 41.143
 21    10.296 52944.32550093 42.39  52.199931  65.688534 41.143
 21    10.299 52944.32550158 40.76  52.196801  65.685444 41.143
 21    10.277 52944.32550222 39.93  52.193671  65.682344 41.143
 21    10.196 52944.32550351 38.61  52.187431  65.676154 41.143
 22    11.187 52979.32554921 20.44  52.212363  65.714423  8.126
 22    11.039 52979.32554985 31.61  52.209233  65.711323  8.126
 22    11.121 52979.32555050 21.10  52.206103  65.708233  8.126
 22    11.165 52979.32555114 21.90  52.202973  65.705143  8.126
 22    11.021 52979.32555179 24.26  52.199843  65.702043  8.126
 23    13.916 53014.32554539 12.01  52.205217  65.725113  2.885
 23    13.527 53014.32554604 12.71  52.202087  65.722023  2.885
 23    13.363 53014.32554668 12.59  52.198957  65.718933  2.885
 24    15.337 53049.32551926 11.92  52.214555  65.714212  2.444
 24    14.708 53049.32551990 12.62  52.211425  65.711122  2.444
 24    14.047 53049.32552055 13.17  52.208295  65.708032  2.444
 24    13.676 53049.32552119 12.84  52.205165  65.704933  2.900
 24    13.245 53049.32552184 12.59  52.202035  65.701843  2.900
 24    12.842 53049.32552248 13.02  52.198905  65.698743  2.900
 25    14.905 53084.32555326 11.52  52.201938  65.726443  2.514
 25    14.288 53084.32555391 11.55  52.198798  65.723343  2.514
 25    14.385 53084.32555455 11.67  52.195668  65.720253  2.514
 26    13.331 53119.32552518  8.08  52.209523  65.715288  2.484
 26    12.745 53119.32552583  7.84  52.206393  65.712188  2.484
 26    12.737 53119.32552647  7.62  52.203259  65.709099  2.679
 26    12.516 53119.32552712  7.55  52.200129  65.706009  2.679
 27    16.480 53154.32557621 26.93  52.206518  65.719572 25.730
 27    16.615 53154.32557686 24.15  52.203388  65.716472 25.730
 27    16.421 53154.32557750 23.33  52.200248  65.713382 22.381
 27    16.380 53154.32557814 23.97  52.197128  65.710292 22.381
 27    16.417 53154.32557879 24.49  52.193998  65.707192 22.381
 28    17.040 53189.32556627 22.04  52.211751  65.715332 24.069
 28    16.586 53189.32556692 22.72  52.208621  65.712242 24.069
 28    15.435 53189.32556756 24.01  52.205491  65.709142 24.069
 28    15.048 53189.32556820 24.79  52.202361  65.706052 24.069
 28    14.954 53189.32556885 25.89  52.199231  65.702962 24.069
 29     9.481 53224.32557905 27.04  52.205729  65.719631 30.877
 29     9.516 53224.32557969 27.84  52.202599  65.716531 30.877
 29     9.613 53224.32558034 27.00  52.199469  65.713441 30.877
 29    11.287 53224.32558098 26.79  52.196349  65.710351 30.877
 29    11.344 53224.32558162 29.26  52.193219  65.707251 30.877
 30     9.944 53259.32555306 36.69  52.199085  65.726322 12.816
 30     9.942 53259.32555371 35.83  52.195955  65.723232 12.816
 31    11.197 53294.32557933 22.11  52.209229  65.719604 21.629
 31    11.390 53294.32557998 22.27  52.206099  65.716514 21.629
 31    11.236 53294.32558062 26.18  52.202966  65.713417 29.258
 31    11.212 53294.32558127 25.81  52.199836  65.710327 29.258
 31    11.412 53294.32558191 27.45  52.196706  65.707227 29.258
 31    11.545 53294.32558256 25.91  52.193576  65.704137 29.258
 32    10.569 53329.32555276 40.06  52.208132  65.719204 16.008
 32    10.703 53329.32555340 33.09  52.205002  65.716104 16.008
 32    10.823 53329.32555405 32.55  52.201870  65.713013 14.094
 32    10.736 53329.32555469 34.28  52.198740  65.709923 14.094
 32    10.820 53329.32555534 31.90  52.195610  65.706823 14.094
 33    10.634 53364.32550314 20.45  52.206433  65.724130  4.396
 33    12.375 53364.32550379 18.17  52.203303  65.721040  4.396
 33    12.135 53364.32550443 19.61  52.200173  65.717950  4.396
 33    12.786 53364.32550508 18.84  52.197043  65.714850  4.396
 33    12.661 53364.32550572 19.20  52.193912  65.711755  4.586
 34    10.393 53399.32552791 14.28  52.212453  65.718085  5.867
 34    11.552 53399.32552855 14.02  52.209323  65.714995  5.867
 34    12.081 53399.32552920 14.08  52.206184  65.711897  3.919
 34    11.995 53399.32552984 14.23  52.203064  65.708807  3.919
 34    12.604 53399.32553048 13.63  52.199934  65.705707  3.919
 35    13.075 53434.32551778 13.03  52.204648  65.722455  4.033
 35    12.833 53434.32551843 12.93  52.201518  65.719365  4.033
 35    12.730 53434.32551907 13.65  52.198388  65.716265  4.033
 35    12.943 53434.32551972 13.87  52.195267  65.713171  3.027
 36    16.702 53469.32556117 15.46  52.213835  65.716932  2.227
 36    15.460 53469.32556181 15.64  52.210697  65.713836  2.230
 36    14.770 53469.32556246 15.85  52.207567  65.710746  2.230
 36    14.437 53469.32556310 16.00  52.204437  65.707646  2.230
 36    14.757 53469.32556375 16.13  52.201307  65.704556  2.230
 36    14.031 53469.32556439 16.58  52.198187  65.701466  2.230
 37    13.737 53504.32560351 50.23  52.206372  65.723049 32.234
 37    13.636 53504.32560416 47.76  52.203242  65.719959 32.234
 37    13.872 53504.32560480 50.60  52.200112  65.716859 32.234
 37    13.863 53504.32560544 46.81  52.196983  65.713767 39.339
 37    13.850 53504.32560609 46.20  52.193853  65.710677 39.339
 38    12.337 53539.32560222 27.24  52.206615  65.720769 24.060
 38    12.303 53539.32560286 30.00  52.203485  65.717669 24.060
 38    12.553 53539.32560351 30.71  52.200355  65.714578 25.581
 38    12.143 53539.32560415 33.96  52.197225  65.711488 25.581
 38    12.127 53539.32560480 32.24  52.194095  65.708388 25.581
 39    10.476 53574.32559879 39.89  52.204185  65.725181 25.001
 39    10.622 53574.32559943 32.07  52.201055  65.722091 25.001
 39    11.362 53574.32560008 28.43  52.197925  65.719001 25.001
 40    10.159 53609.32554864 35.15  52.200096  65.727284 20.311
 40    10.273 53609.32554928 35.80  52.196966  65.724194 20.311
 41    12.315 53644.32555314 18.32  52.214220  65.713828 19.952
 41    11.803 53644.32555378 20.63  52.211090  65.710732 14.323
 41    11.890 53644.32555443 19.39  52.207960  65.707632 14.323
 41    11.518 53644.32555507 19.69  52.204830  65.704542 14.323
 41    11.540 53644.32555572 20.23  52.201700  65.701452 14.323
 41    11.270 53644.32555636 23.72  52.198570  65.698362 14.323
 42    11.256 53679.32556959 31.16  52.203684  65.723057 28.449
 42    11.187 53679.32557023 30.61  52.200554  65.719967 28.449
 42    12.083 53679.32557088 26.30  52.197424  65.716877 28.449
 43     9.915 53714.32549746 42.75  52.206267  65.724682 31.848
 43     9.801 53714.32549810 34.21  52.203137  65.721592 31.848
 43     9.627 53714.32549874 30.46  52.200007  65.718502 31.848
 43     9.550 53714.32549939 29.72  52.196877  65.715402 31.848
 44    10.559 53749.32541502 19.83  52.218766  65.709259  4.972
 44    10.589 53749.32541566 20.29  52.215636  65.706169  4.972
 44    10.794 53749.32541631 20.03  52.212506  65.703069  4.972
 44    11.804 53749.32541695 17.93  52.209376  65.699979  4.972
 44    12.314 53749.32541760 17.44  52.206246  65.696889  4.972
 44    11.023 53749.32541824 17.44  52.203126  65.693789  4.972
 44    11.201 53749.32541889 17.20  52.199996  65.690699  4.972
 44    13.300 53749.32541953 15.44  52.196866  65.687599  4.972
 44    11.854 53749.32542018 15.39  52.193746  65.684509  4.972
 45    12.606 53784.32544428 14.56  52.207722  65.718302  3.144
 45    12.138 53784.32544492 14.44  52.204592  65.715202  3.144
 45    12.208 53784.32544557 14.57  52.201460  65.712110  3.193
 45    12.275 53784.32544621 14.44  52.198330  65.709020  3.193
 45    11.170 53784.32544686 15.89  52.195210  65.705920  3.193
 46    13.644 53819.32540369 16.09  52.201255  65.727498  3.698
 46    13.294 53819.32540433 16.16  52.198125  65.724398  3.698
 46    13.201 53819.32540498 15.83  52.194995  65.721308  3.698
 47     9.356 53854.32548573 20.47  52.210128  65.717867 13.374
 47     9.335 53854.32548637 18.47  52.206998  65.714777 13.374
 47     9.340 53854.32548702 19.10  52.203868  65.711677 13.374
 47     9.352 53854.32548766 16.69  52.200740  65.708588 12.679
 47     9.300 53854.32548831 15.89  52.197610  65.705498 12.679
 48    15.867 53889.32549522 20.67  52.211942  65.713824 24.084
 48    15.880 53889.32549586 20.65  52.208812  65.710734 24.084
 48    16.067 53889.32549651 22.64  52.205692  65.707634 24.084
 48    16.137 53889.32549715 23.60  52.202562  65.704544 24.084
 48    16.256 53889.32549780 24.15  52.199432  65.701454 24.084
 49    10.951 53924.32556047 36.12  52.204343  65.722862 28.693
 49    10.914 53924.32556112 34.89  52.201213  65.719772 28.693
 49    11.177 53924.32556176 32.99  52.198073  65.716682 28.693
 49    12.425 53924.32556241 32.01  52.194943  65.713582 28.693
 50    13.299 53959.32555080 25.97  52.200134  65.724743 12.979
 50    13.369 53959.32555144 26.25  52.197004  65.721643 12.979
 51    11.953 53994.32548607 25.87  52.216683  65.703896 11.947
 51    12.234 53994.32548671 28.10  52.213553  65.700796 11.947
 51    11.790 53994.32548736 27.56  52.210423  65.697706 11.947
 51    11.255 53994.32548800 26.10  52.207303  65.694606 11.947
 51    12.720 53994.32548864 23.27  52.204173  65.691516 11.947
 51    16.677 53994.32548929 20.62  52.201043  65.688426 11.947
 51    12.097 53994.32548993 21.17  52.197913  65.685326 11.947
 51    12.690 53994.32549058 20.62  52.194793  65.682236 11.947
 51    11.546 53994.32549122 20.53  52.191663  65.679146 11.947
 51    13.508 53994.32549187 20.64  52.188543  65.676046 11.947
 52     9.950 54029.32554315 39.57  52.213901  65.712634 19.351
 52     9.966 54029.32554380 39.09  52.210771  65.709534 19.351
 52    10.023 54029.32554444 44.11  52.207645  65.706445 34.697
 52    10.051 54029.32554509 41.98  52.204515  65.703355 34.697
 52    10.101 54029.32554573 42.78  52.201385  65.700255 34.697
 52    10.065 54029.32554638 43.64  52.198255  65.697165 34.697
 53    12.354 54064.32553599 20.98  52.208538  65.719389  6.475
 53    12.401 54064.32553663 22.75  52.205408  65.716299  6.475
 53    12.400 54064.32553728 21.90  52.202278  65.713209  6.475
 53    12.454 54064.32553792 21.16  52.199148  65.710109  6.475
 53    12.455 54064.32553857 21.34  52.196019  65.707016 12.577
 53    12.385 54064.32553921 20.74  52.192889  65.703926 12.577
 54    11.391 54099.32550150 17.29  52.201745  65.724232  4.153
 54    12.970 54099.32550214 15.28  52.198615  65.721132  4.153
 55    14.990 54134.32546108 10.88  52.214344  65.714250  2.409
 55    14.353 54134.32546173 11.18  52.211214  65.711150  2.409
 55    13.433 54134.32546237 11.35  52.208079  65.708061  3.324
 55    13.342 54134.32546302 11.36  52.204949  65.704971  3.324
 55    13.473 54134.32546366 11.63  52.201819  65.701871  3.324
 55    13.072 54134.32546431 12.01  52.198699  65.698781  3.324
 57    15.066 54204.32546556 10.76  52.212236  65.713411  3.775
 57    14.529 54204.32546621 10.68  52.209106  65.710311  3.775
 57    14.370 54204.32546685 10.39  52.205976  65.707221  3.775
 57    13.955 54204.32546750 10.54  52.202846  65.704131  3.775
 57    13.636 54204.32546814 10.48  52.199716  65.701031  3.775
 58    15.748 54239.32549917 52.90  52.208536  65.717703 48.577
 58    15.740 54239.32549981 52.98  52.205406  65.714603 48.577
 58    15.675 54239.32550046 53.27  52.202276  65.711513 48.577
 58    15.646 54239.32550110 53.15  52.199146  65.708423 48.577
 58    15.815 54239.32550175 52.51  52.196016  65.705323 48.577
 59    16.438 54274.32551585 19.78  52.208824  65.720024 17.297
 59    16.034 54274.32551650 20.22  52.205694  65.716934 17.297
 59    15.776 54274.32551714 20.95  52.202564  65.713834 17.297
 59    15.586 54274.32551779 22.19  52.199434  65.710744 17.297
 59    15.713 54274.32551843 22.41  52.196304  65.707654 17.297
 59    15.686 54274.32551908 25.02  52.193184  65.704554 17.297
 60    11.649 54309.32551782 43.34  52.209789  65.718571 26.768
 60    11.633 54309.32551847 44.63  52.206659  65.715471 26.768
 60    11.734 54309.32551911 44.75  52.203529  65.712381 26.768
 60    11.785 54309.32551976 38.74  52.200399  65.709291 26.768
 60    11.715 54309.32552040 41.22  52.197269  65.706191 26.768
 61    11.562 54344.32549375 27.57  52.203828  65.724941 15.750
 61    11.913 54344.32549440 29.47  52.200693  65.721848 26.285
 61    11.959 54344.32549504 33.25  52.197563  65.718758 26.285
 62    16.298 54379.32545405 21.63  52.212672  65.716256 15.961
 62    15.055 54379.32545470 22.18  52.209532  65.713166 15.961
 62    12.586 54379.32545534 22.52  52.206402  65.710066 15.961
 62    12.623 54379.32545599 21.70  52.203272  65.706976 15.961
 62    12.732 54379.32545663 23.17  52.200152  65.703886 15.961
 63    11.683 54414.32544274 37.36  52.205325  65.720378 24.591
 63    11.632 54414.32544339 36.20  52.202185  65.717278 24.591
 63    11.792 54414.32544403 35.98  52.199055  65.714188 24.591
 63    11.818 54414.32544468 35.19  52.195935  65.711098 24.591
 63    11.700 54414.32544532 31.26  52.192805  65.707998 24.591
 64    11.167 54449.32542158 21.39  52.213316  65.713532  8.223
 64    11.110 54449.32542223 21.95  52.210186  65.710432  8.223
 64    11.154 54449.32542287 21.93  52.207056  65.707342  8.223
 64    11.293 54449.32542352 23.56  52.203926  65.704252  8.223
 64    11.148 54449.32542416 23.45  52.200796  65.701152  8.223
 64    11.376 54449.32542481 21.64  52.197666  65.698062  8.223
 65    12.936 54484.32543705 15.43  52.211352  65.719678  6.711
 65    12.686 54484.32543769 14.97  52.208222  65.716588  6.711
 65    12.350 54484.32543834 15.91  52.205092  65.713488  6.711
 65    12.327 54484.32543898 16.15  52.201956  65.710397  3.914
 65    11.460 54484.32543963 15.54  52.198826  65.707307  3.914
 65    12.155 54484.32544027 14.46  52.195706  65.704207  3.914
 66    14.710 54519.32543477 12.37  52.214235  65.716020  2.704
 66    14.246 54519.32543541 12.12  52.211105  65.712920  2.704
 66    13.001 54519.32543606 12.88  52.207975  65.709830  2.704
 66    12.930 54519.32543670 12.87  52.204845  65.706740  2.704
 66    13.262 54519.32543735 12.97  52.201715  65.703640  2.704
 66    13.372 54519.32543799 12.33  52.198585  65.700550  2.704
 67     9.691 54554.32544804 19.87  52.204183  65.724118 16.535
 67     9.671 54554.32544869 19.80  52.201053  65.721028 16.535
 67     9.505 54554.32544933 19.82  52.197923  65.717928 16.535
 68    13.070 54589.32543034 20.48  52.210052  65.717068  5.150
 68    11.263 54589.32543098 20.89  52.206922  65.713978  5.150
 68    11.408 54589.32543163 20.67  52.203792  65.710878  5.150
 68    10.978 54589.32543227 19.95  52.200662  65.707788  5.150
 68    11.097 54589.32543292 18.81  52.197542  65.704698  5.150
 69    16.675 54624.32544714 26.00  52.206835  65.720490 24.080
 69    16.782 54624.32544779 25.36  52.203697  65.717400 21.527
 69    16.253 54624.32544843 26.64  52.200567  65.714310 21.527
 69    16.172 54624.32544908 26.88  52.197437  65.711210 21.527
 69    16.411 54624.32544972 26.40  52.194317  65.708120 21.527
 70    11.669 54659.32545579 47.00  52.207813  65.720256 31.198
 70    11.690 54659.32545644 46.56  52.204683  65.717166 31.198
 70    11.664 54659.32545708 47.45  52.201553  65.714066 31.198
 70    11.652 54659.32545773 47.35  52.198423  65.710976 31.198
 70    11.768 54659.32545837 48.16  52.195293  65.707886 31.198
 70    14.123 54659.32545902 39.63  52.192173  65.704786 31.198
 71     9.492 54694.32543564 38.49  52.205155  65.721478 36.650
 71     9.589 54694.32543628 36.56  52.202025  65.718388 36.650
 71    10.221 54694.32543692 34.55  52.198895  65.715298 36.650
 71    10.816 54694.32543757 33.05  52.195765  65.712198 36.650
 71    10.612 54694.32543821 32.89  52.192631  65.709102 30.909
 72    11.952 54729.32541074 29.53  52.213017  65.715967 12.238
 72    11.987 54729.32541138 30.09  52.209887  65.712877 12.238
 72    12.004 54729.32541203 23.51  52.206757  65.709777 12.238
 72    11.890 54729.32541267 22.20  52.203627  65.706687 12.238
 72    12.213 54729.32541332 21.70  52.200507  65.703597 12.238
 73    11.424 54764.32541387 29.42  52.209348  65.720777 21.075
 73    11.300 54764.32541452 32.87  52.206218  65.717677 21.075
 73    11.258 54764.32541516 33.70  52.203087  65.714588 28.868
 73    10.986 54764.32541580 34.59  52.199957  65.711498 28.868
 73    10.944 54764.32541645 29.08  52.196827  65.708398 28.868
 73    11.714 54764.32541709 25.23  52.193697  65.705308 28.868
 74    11.774 54799.32540490 42.59  52.212847  65.713141 29.032
 74    11.645 54799.32540555 44.32  52.209717  65.710051 29.032
 74    11.735 54799.32540619 41.44  52.206587  65.706951 29.032
 74    11.663 54799.32540683 38.20  52.203457  65.703861 29.032
 74    11.869 54799.32540748 42.40  52.200327  65.700771 29.032
 75    11.800 54834.32540463 17.03  52.207433  65.720444  3.810
 75    12.096 54834.32540528 17.17  52.204303  65.717344  3.810
 75    11.956 54834.32540592 16.71  52.201176  65.714253  4.518
 75    11.592 54834.32540657 17.07  52.198046  65.711163  4.518
 75    11.503 54834.32540721 17.15  52.194916  65.708063  4.518
 75    11.731 54834.32540786 16.36  52.191786  65.704973  4.518
 76    11.656 54869.32540169 12.42  52.214029  65.713291  2.901
 76    12.556 54869.32540234 12.72  52.210899  65.710201  2.901
 76    12.543 54869.32540298 13.00  52.207769  65.707101  2.901
 76    12.728 54869.32540362 12.49  52.204639  65.704011  2.901
 76    12.052 54869.32540427 13.03  52.201509  65.700921  2.901
 76    13.269 54869.32540491 12.21  52.198389  65.697821  2.901
 77    13.486 54904.32541309 13.51  52.203345  65.726305  2.925
 77    13.462 54904.32541373 13.34  52.200215  65.723215  2.925
 77    13.029 54904.32541437 13.92  52.197085  65.720115  2.925
 78    13.303 54939.32539226 10.18  52.211619  65.716148  3.914
 78    10.047 54939.32539291 13.46  52.208479  65.713048  3.914
 78    12.388 54939.32539355 11.26  52.205349  65.709958  3.914
 78    12.753 54939.32539420 10.67  52.202229  65.706868  3.914
 78    12.620 54939.32539484 11.03  52.199099  65.703768  3.914
 79    14.422 54974.32542266 50.81  52.209100  65.718074 31.847
 79    14.562 54974.32542331 47.18  52.205970  65.714984 31.847
 79    14.413 54974.32542395 45.33  52.202840  65.711884 31.847
 79    14.486 54974.32542460 38.52  52.199710  65.708794 31.847
 79    14.487 54974.32542524 39.19  52.196580  65.705704 31.847
 80    15.964 55009.32543581 18.63  52.205497  65.721050 22.287
 80    15.538 55009.32543645 19.81  52.202367  65.717950 22.287
 80    15.335 55009.32543710 20.56  52.199243  65.714859 28.775
 80    15.625 55009.32543774 24.58  52.196113  65.711769 28.775
 80    15.228 55009.32543839 31.65  52.192983  65.708669 28.775
 81    10.972 55044.32542624 27.20  52.208625  65.718035 26.908
 81    10.799 55044.32542688 31.13  52.205486  65.714945 31.563
 81    10.810 55044.32542753 32.20  52.202366  65.711855 31.563
 81    10.581 55044.32542817 35.08  52.199236  65.708755 31.563
 81    10.529 55044.32542882 36.98  52.196106  65.705665 31.563
 82    12.597 55079.32540185 20.59  52.203422  65.723435 14.077
 82    10.607 55079.32540250 23.36  52.200292  65.720345 14.077
 82    10.471 55079.32540314 25.60  52.197162  65.717255 14.077
 83    12.975 55114.32535914 18.29  52.210262  65.715164 22.286
 83    12.594 55114.32535979 17.97  52.207126  65.712067 16.860
 83    12.315 55114.32536043 17.23  52.203996  65.708977 16.860
 83    12.112 55114.32536108 18.46  52.200876  65.705877 16.860
 83    11.551 55114.32536172 22.01  52.197746  65.702787 16.860
 84    10.090 55149.32535814 40.36  52.208385  65.721602 24.859
 84    10.161 55149.32535878 36.84  52.205255  65.718512 24.859
 84    10.119 55149.32535943 34.87  52.202122  65.715412 15.871
 84    10.095 55149.32536007 34.63  52.198992  65.712322 15.871
 84    10.115 55149.32536072 33.25  52.195862  65.709222 15.871
 84    10.173 55149.32536136 34.12  52.192742  65.706132 15.871
 85    10.554 55184.32534191 17.21  52.214646  65.715552  4.338
 85    11.154 55184.32534255 16.35  52.211516  65.712452  4.338
 85    11.324 55184.32534320 16.96  52.208386  65.709362  4.338
 85    12.218 55184.32534384 16.26  52.205256  65.706272  4.338
 85    14.071 55184.32534449 15.56  52.202126  65.703172  4.338
 85    12.004 55184.32534513 15.39  52.198996  65.700082  4.338
 86    12.037 55219.32535613 14.91  52.205179  65.721126  3.485
 86    11.996 55219.32535677 15.01  52.202039  65.718026  3.485
 86    12.132 55219.32535742 15.42  52.198917  65.714936  3.744
 86    12.093 55219.32535806 15.92  52.195787  65.711846  3.744
 86    11.945 55219.32535871 15.36  52.192657  65.708746  3.744
 87    10.660 55254.32533832 13.40  52.212937  65.714763  3.088
 87    11.633 55254.32533896 13.53  52.209807  65.711673  3.088
 87    11.701 55254.32533961 13.89  52.206677  65.708583  3.088
 87    11.789 55254.32534025 13.65  52.203547  65.705483  3.088
 87    11.906 55254.32534090 13.48  52.200417  65.702393  3.088
 88    13.804 55289.32534490  8.77  52.203380  65.725890  4.627
 88    13.790 55289.32534554  8.97  52.200250  65.722800  4.627
 88     9.373 55289.32534619 14.24  52.197120  65.719700  4.627
 89    16.237 55324.32532386 53.66  52.208591  65.721338 43.040
 89    16.260 55324.32532450 52.89  52.205461  65.718238 43.040
 89    16.275 55324.32532515 52.51  52.202324  65.715146 50.234
 89    16.292 55324.32532579 52.71  52.199194  65.712056 50.234
 89    16.312 55324.32532644 53.58  52.196064  65.708966 50.234
 89    16.334 55324.32532708 48.05  52.192944  65.705866 50.234
 90    14.444 55359.32532207 44.57  52.207028  65.721685 21.265
 90    14.523 55359.32532272 47.93  52.203898  65.718585 21.265
 90    14.555 55359.32532336 45.86  52.200770  65.715495 17.545
 90    14.541 55359.32532401 44.72  52.197640  65.712405 17.545
 90    14.529 55359.32532465 41.79  52.194510  65.709305 17.545
 91    10.978 55394.32532685 27.70  52.212246  65.717635 30.279
 91    10.807 55394.32532749 30.83  52.209116  65.714545 30.279
 91    10.905 55394.32532814 30.40  52.205986  65.711445 30.279
 91    10.846 55394.32532878 31.83  52.202856  65.708355 30.279
 91    10.776 55394.32532943 30.55  52.199726  65.705265 30.279
 92    10.254 55429.32533815 28.28  52.209597  65.718521 25.623
 92    10.789 55429.32533879 27.29  52.206467  65.715421 25.623
 92    10.698 55429.32533944 26.38  52.203340  65.712330 24.923
 92    10.766 55429.32534008 27.55  52.200210  65.709240 24.923
 92    10.538 55429.32534073 30.82  52.197080  65.706140 24.923
 93    11.695 55464.32530018 30.66  52.202615  65.723888 11.388
 93    11.681 55464.32530082 28.67  52.199485  65.720798 11.388
