# NaN NaN NaN ;Mean Elev.(m), Avg Gradient(m/km), RMS Gradient(m/km) - SRTM1     
#  -14.566   0.696   3.810 ;Mean Elev.(m), Avg Gradient(m/km), RMS Gradient(m/km) - ASTER GDEM
#   18.536  -0.005   2.183 ;Mean Elev.(m), Avg Gradient(m/km), RMS Gradient(m/km) - GMTED2010 
  6  52.386386  66.954862     8.070     8.114  5 52420.71403648 22.895
  7  52.388411  66.958460     5.993     6.061  6 52455.71406059 39.453
  8  52.391974  66.965071     3.107     2.304  6 52490.71403569 38.617
 10  52.385789  66.954906     5.510     5.145  6 52560.71406217 23.248
 11  52.387205  66.956942     3.992     3.928  6 52595.71407164 26.362
 12  52.384957  66.954735     4.277     4.211  5 52630.71400696 19.840
 15  52.392449  66.965195     6.342     6.336  6 52735.71404159  9.749
 17  52.382041  66.951178     8.664     8.748  5 52805.71406350 24.987
 18  52.385556  66.954273     2.833     2.867  6 52840.71412445 46.346
 20  52.395327  66.968176     4.681     4.674  6 52910.71413301 50.751
 23  52.392335  66.962460     3.609     3.633  6 53015.71412015 19.312
 24  52.385558  66.953618     4.024     3.952  5 53050.71409444 16.775
 25  52.391323  66.957952     6.012     5.939  6 53085.71413131 13.456
 26  52.384220  66.954040     3.901     3.808  6 53120.71410103 10.991
 27  52.384504  66.953492     8.907     8.862  5 53155.71415474 27.324
 28  52.391734  66.961813     6.561     6.561  6 53190.71414698 52.516
 29  52.392379  66.963484     2.767     1.342  6 53225.71415448 29.025
 30  52.393818  66.963571     2.925     1.768  6 53260.71412873 25.592
 31  52.382732  66.950215     3.027     2.987  5 53295.71415724 30.936
 32  52.391020  66.958832     3.743     3.683  6 53330.71413120 26.028
 33  52.395533  66.967725     5.355     5.399  6 53365.71408095 19.663
 34  52.386809  66.955608     6.181     6.671  5 53400.71410492 15.330
 35  52.393543  66.966102     6.827     6.920  6 53435.71409638 14.661
 36  52.383979  66.953519     7.154     7.064  5 53470.71414202  8.467
 37  52.390634  66.955657     5.285     5.269  6 53505.71417936 40.764
 38  52.389491  66.957996     7.890     8.188  6 53540.71418211 21.534
 39  52.390845  66.962697     2.191     2.183  6 53575.71417513 50.914
 40  52.394217  66.966575     1.872     1.921  6 53610.71412689 35.893
 41  52.383461  66.954000     3.369     3.217  6 53645.71412857 30.364
 42  52.389358  66.957935     4.660     4.714  6 53680.71414581 21.777
 43  52.395138  66.966942     2.955     2.946  6 53715.71407511 43.980
 44  52.385075  66.954513     4.546     4.643  6 53750.71399038 14.083
 45  52.392188  66.963994     4.511     4.568  5 53785.71402220 13.027
 46  52.396339  66.973767     5.619     5.594  6 53820.71398166 12.367
 47  52.384075  66.953930     1.840     1.424  5 53855.71406434 15.695
 48  52.390233  66.961119     8.534     8.561  6 53890.71407638 42.698
 49  52.383559  66.952756     2.955     2.961  6 53925.71413878 50.645
 50  52.390915  66.958796     5.837     5.612  6 53960.71412702 24.011
 51  52.380205  66.949231     4.438     3.885  5 53995.71406356 21.596
 52  52.387543  66.954331     2.391     2.362  6 54030.71411930 38.094
 54  52.394005  66.965836     3.550     3.751  6 54100.71407835 16.075
 55  52.386350  66.953043     5.297     5.242  6 54135.71403914 12.701
 57  52.385111  66.952254     5.543     5.594  6 54205.71404376  7.810
 58  52.390345  66.958436     8.413     8.439  6 54240.71407837 31.727
 59  52.390065  66.959062     7.597     7.601  6 54275.71409404 52.188
 61  52.394536  66.967182     3.627     3.653  6 54345.71407136 38.717
 62  52.386654  66.955065     6.644     6.919  5 54380.71403102 19.792
 63  52.392565  66.961791     3.765     3.753  6 54415.71401904 44.609
 64  52.384029  66.953676     3.850     3.801  6 54450.71399899 24.545
 65  52.391706  66.958933     3.085     2.996  6 54485.71401425 18.100
 66  52.386963  66.956342     5.058     5.063  6 54520.71401277 12.921
 67  52.391543  66.965619     1.870     1.506  6 54555.71402647  8.085
 68  52.387194  66.957493     3.295     3.320  6 54590.71400911 16.276
 69  52.390912  66.960387     9.330     9.215  5 54625.71402578 27.072
 70  52.387899  66.957615     7.355     8.046  6 54660.71403352 20.226
 71  52.393672  66.963097     3.113     1.956  6 54695.71401226 34.943
 72  52.385834  66.955510     3.827     3.859  5 54730.71398864 29.060
 73  52.389162  66.960080     6.540     7.077  6 54765.71399022 20.516
 74  52.384984  66.952726     3.808     3.746  5 54800.71398182 24.167
 75  52.391606  66.958860     4.545     4.514  6 54835.71398170 13.930
 76  52.386141  66.953245     4.749     4.744  6 54870.71397959 13.716
 77  52.392854  66.965111     4.778     4.755  6 54905.71399112 14.583
 78  52.385141  66.956046     2.572     1.780  6 54940.71397229 15.536
 79  52.389592  66.956659     7.575     7.600  6 54975.71400151 33.547
 80  52.391046  66.960200     7.676     7.493  5 55010.71401277 22.063
 81  52.389281  66.958265     4.042     3.796  6 55045.71400363 25.580
 82  52.392325  66.967314     1.746     1.724  6 55080.71397938 27.924
 83  52.387377  66.955656     4.025     3.736  5 55115.71393519 24.697
 84  52.392116  66.957699     3.426     3.391  6 55150.71393446 31.457
 85  52.385502  66.953343     4.213     4.258  6 55185.71391989 20.303
 86  52.390435  66.961381     5.725     6.331  6 55220.71393334 16.683
 87  52.386403  66.957157     4.262     4.227  6 55255.71391646 15.240
 88  52.393259  66.965857     7.504     7.469  6 55290.71392316  7.542
 89  52.387890  66.958434     8.533     8.525  6 55325.71390241 30.550
 90  52.390075  66.962061     7.566     7.526  6 55360.71389999 18.978
 91  52.386768  66.955039     3.206     2.940  5 55395.71390463 26.318
 92  52.390645  66.958678     2.518     2.632  6 55430.71391481 30.200
 93  52.395249  66.968630     4.581     4.429  6 55465.71387754 25.816
