# NaN NaN NaN ;Mean Elev.(m), Avg Gradient(m/km), RMS Gradient(m/km) - SRTM1     
#   13.080  -5.620  16.343 ;Mean Elev.(m), Avg Gradient(m/km), RMS Gradient(m/km) - ASTER GDEM
#   30.000  -5.610  11.216 ;Mean Elev.(m), Avg Gradient(m/km), RMS Gradient(m/km) - GMTED2010 
 11  56.433524  66.340151    29.402    29.402  2 52604.31536102 32.904
 12  56.439752  66.327355    30.159    30.297  4 52639.31534375 17.770
 13  56.435337  66.338278    31.804    31.804  2 52674.31533798 15.511
 14  56.442839  66.331693    32.856    33.245  3 52709.31535366 10.363
 16  56.437873  66.321578    35.535    35.543  5 52779.31532010 52.889
 17  56.435065  66.321601    39.978    33.424  3 52814.31540434 22.210
 18  56.440272  66.327254    27.652    27.644  5 52849.31545605 29.802
 20  56.433730  66.338603    33.096    33.096  2 52919.31544612 16.302
 22  56.438069  66.324073    30.658    30.528  4 52989.31542081 16.871
 24  56.437191  66.321531    31.079    31.063  5 53059.31540135 12.219
 25  56.426987  66.341774    32.599    32.599  2 53094.31543590 10.755
 26  56.436718  66.319930    27.503    27.466  4 53129.31541117 24.075
 28  56.441578  66.336350    27.822    27.818  3 53199.31547750 53.325
 29  56.440362  66.334425    28.708    28.708  2 53234.31544797 25.043
 30  56.436376  66.317405    31.134    31.134  2 53269.31541710 17.877
 31  56.440631  66.336087    27.539    27.519  3 53304.31547484 45.284
 32  56.435161  66.337882    29.420    29.420  2 53339.31544355 30.036
 33  56.431470  66.340826    32.011    32.011  2 53374.31537500 18.672
 34  56.442622  66.332060    31.807    31.720  3 53409.31541819 15.374
 35  56.429572  66.342530    31.798    31.798  2 53444.31540024 14.587
 36  56.440835  66.336023    32.664    32.688  3 53479.31547924  9.144
 38  56.434826  66.340887    30.458    30.458  2 53549.31550506 22.289
 40  56.424171  66.341647    27.088    27.088  2 53619.31542513 44.626
 43  56.431531  66.341968    28.557    28.557  2 53724.31537068 28.028
 47  56.442473  66.334373    27.518    27.518  2 53864.31538776 25.839
 48  56.441419  66.335577    34.604    34.623  3 53899.31541274 22.550
 49  56.432781  66.339841    27.721    27.721  2 53934.31545620 50.187
 52  56.439189  66.326619    28.516    28.494  5 54039.31543500 37.154
 53  56.439162  66.338104    29.112    29.184  3 54074.31542755 46.891
 54  56.426350  66.342079    31.867    31.867  2 54109.31537254 15.947
 55  56.442958  66.332235    32.140    32.127  3 54144.31536600 14.312
 57  56.441568  66.333484    27.983    27.962  3 54214.31537358 32.406
 59  56.439586  66.337129    31.743    31.743  2 54284.31540850 38.396
 60  56.440065  66.337245    29.784    28.459  3 54319.31540598 25.146
 62  56.441466  66.335661    28.572    28.572  2 54389.31534648 53.004
 63  56.435393  66.338151    29.160    29.160  2 54424.31531931 41.921
 64  56.439523  66.325945    31.509    31.438  5 54459.31532364 15.216
 65  56.436654  66.338762    31.871    31.871  2 54494.31532383 13.043
 66  56.442321  66.331231    31.879    31.946  3 54529.31533546 14.047
 67  56.431711  66.340855    32.061    32.061  2 54564.31533041 11.008
 68  56.439713  66.335210    28.916    28.905  3 54599.31533019 18.026
 71  56.435693  66.340187    28.000    28.000  2 54704.31531056 21.940
 72  56.440387  66.329829    28.846    28.876  3 54739.31531106 43.617
 73  56.435858  66.337586    30.717    30.717  2 54774.31529240 50.673
 74  56.437527  66.324146    28.725    28.679  5 54809.31530569 46.737
 75  56.436102  66.337978    31.853    31.853  2 54844.31529042 13.579
 76  56.441115  66.335069    31.484    31.484  2 54879.31530700 12.228
 77  56.431896  66.341505    31.603    31.603  2 54914.31529399 16.352
 78  56.440917  66.335545    33.101    33.009  3 54949.31529904 11.890
 79  56.439746  66.336945    34.994    34.958  3 54984.31532396 29.462
 80  56.439048  66.336266    31.326    32.590  3 55019.31532025 30.510
 81  56.438495  66.338011    28.280    28.280  2 55054.31531600 23.860
 83  56.441758  66.333151    28.936    28.936  2 55124.31525411 46.619
 84  56.434270  66.338767    28.563    28.563  2 55159.31523766 31.533
 85  56.439331  66.326381    30.777    30.858  5 55194.31524536 17.539
 86  56.432025  66.339356    31.903    31.903  2 55229.31523984 15.365
 87  56.441518  66.335466    31.402    31.339  3 55264.31523905 14.859
 88  56.434237  66.340902    31.553    31.553  2 55299.31522221 10.539
 90  56.437707  66.336852    29.887    29.576  3 55369.31520751 28.278
 91  56.441802  66.331173    27.937    27.743  3 55404.31522522 30.992
 92  56.438217  66.338690    32.493    32.342  3 55439.31522536 18.249
 93  56.430192  66.338905    28.911    28.911  2 55474.31517198 34.860
