# NaN NaN NaN ;Mean Elev.(m), Avg Gradient(m/km), RMS Gradient(m/km) - SRTM1     
#   10.947   3.452  13.206 ;Mean Elev.(m), Avg Gradient(m/km), RMS Gradient(m/km) - ASTER GDEM
#   36.000   2.918  12.748 ;Mean Elev.(m), Avg Gradient(m/km), RMS Gradient(m/km) - GMTED2010 
  8  53.384248  65.333167    84.095    84.228  3 52509.71568759  6.933
 11  53.382575  65.331360    16.503    16.503  2 52614.71569379 18.646
 12  53.375849  65.330075    16.502    16.502  2 52649.71567336 13.468
 13  53.387450  65.332739    85.077    85.058  3 52684.71565657  1.845
 19  53.375109  65.331328    16.434    16.434  2 52894.71582879 23.240
 20  53.385422  65.333870    83.846    83.888  3 52929.71577840 10.446
 22  53.371997  65.330297    15.293    15.293  2 52999.71580183 25.866
 23  53.384519  65.333135    84.702    84.679  3 53034.71575220  2.814
 24  53.374246  65.331860    14.759    14.759  2 53069.71576979 20.762
 25  53.387392  65.333605    84.646    84.656  3 53104.71575383  8.239
 26  53.371399  65.330881    15.932    15.932  2 53139.71577549 27.188
 28  53.377342  65.330229    18.871    18.871  2 53209.71582887 17.770
 29  53.383725  65.331610    15.648    15.648  2 53244.71579673 44.176
 31  53.373531  65.330201    14.899    14.899  2 53314.71579812 38.494
 32  53.383683  65.331642    16.626    16.626  2 53349.71576380 19.304
 34  53.384372  65.332117    17.012    17.012  2 53419.71574635 12.438
 37  53.378952  65.331513    21.354    21.354  2 53524.71582324 21.709
 39  53.388968  65.335195    15.350    15.168  4 53594.71578857 40.076
 42  53.383707  65.331948    17.297    17.297  2 53699.71576115 45.406
 43  53.394466  65.334222    17.098    17.140  4 53734.71568348 15.954
 44  53.377010  65.332020    16.647    16.647  2 53769.71566957 12.664
 45  53.388498  65.333726    16.985    17.081  4 53804.71566423 13.352
 49  53.369164  65.331472    16.246    16.246  2 53944.71579793 32.747
 50  53.383500  65.333157    15.175    15.117  3 53979.71574599 45.146
 52  53.382598  65.331047    18.139    18.139  2 54049.71576551 44.578
 54  53.391393  65.336434    16.890    16.869  4 54119.71568656 20.816
 55  53.375597  65.331516    16.132    16.132  2 54154.71571478 14.224
 56  53.390746  65.331874    85.295    85.295  2 54189.71568173  1.325
 57  53.371123  65.331465    20.864    20.864  2 54224.71572571 34.450
 58  53.375389  65.332318    84.094    84.094  2 54259.71574656 14.568
 59  53.375965  65.332732    16.709    16.709  2 54294.71575001 42.334
 60  53.383405  65.332428    16.066    16.091  3 54329.71574318 37.598
 61  53.388819  65.334555    18.750    18.839  3 54364.71568908 42.848
 62  53.376051  65.332820    83.631    83.631  2 54399.71568446 14.918
 63  53.387657  65.332458    16.859    16.839  3 54434.71564164 22.251
 64  53.371311  65.331754    16.628    16.628  2 54469.71566771 16.161
 65  53.385826  65.333601    84.360    84.444  3 54504.71565627  1.693
 66  53.378442  65.332628    14.963    14.963  2 54539.71568281 24.817
 67  53.387620  65.333956    84.783    84.809  3 54574.71565720  4.144
 68  53.378337  65.330410    19.846    19.846  2 54609.71567499 38.590
 69  53.376660  65.332807    22.247    22.247  2 54644.71568317 36.506
 70  53.378752  65.330146    15.219    15.219  2 54679.71568417 45.109
 71  53.389834  65.334395    17.726    17.708  3 54714.71563582 29.144
 72  53.370927  65.331835    17.705    17.705  2 54749.71565481 47.163
 73  53.384459  65.331971    16.531    16.396  3 54784.71562365 45.279
 74  53.372068  65.331666    16.789    16.789  2 54819.71564748 12.995
 77  53.388140  65.334594    84.012    84.109  4 54924.71562009  3.415
 79  53.374279  65.332527    23.108    23.108  2 54994.71567174 40.520
 80  53.377958  65.332746    17.081    17.081  2 55029.71566157 29.252
 81  53.381737  65.331431    15.115    15.115  2 55064.71565239 42.242
 82  53.389287  65.334897    83.685    83.562  3 55099.71559664  5.606
 83  53.372724  65.331458    15.615    15.615  2 55134.71559720 43.905
 84  53.386710  65.332199    16.637    16.375  3 55169.71556092 20.383
 86  53.385981  65.333127    17.546    17.216  3 55239.71556768 14.681
 87  53.379191  65.332620    16.131    16.131  2 55274.71558425 16.038
 88  53.388139  65.333987    17.633    17.315  3 55309.71555156 26.723
 89  53.380320  65.330423    18.782    18.782  2 55344.71555232 31.971
 90  53.383235  65.331947    17.628    17.693  3 55379.71554661 47.466
 92  53.384396  65.331991    15.493    15.493  2 55449.71555907 30.459
 93  53.391452  65.336199    18.911    18.751  4 55484.71548514 21.897
