# NaN NaN NaN ;Mean Elev.(m), Avg Gradient(m/km), RMS Gradient(m/km) - SRTM1     
#   13.889   3.463  11.510 ;Mean Elev.(m), Avg Gradient(m/km), RMS Gradient(m/km) - ASTER GDEM
#    5.300   3.065  14.524 ;Mean Elev.(m), Avg Gradient(m/km), RMS Gradient(m/km) - GMTED2010 
  8  52.073704  67.575156    81.240    81.279  4 52511.33104378  0.754
  9  52.097362  67.580152    82.289    81.939  4 52546.33106553  2.644
 10  52.085338  67.579159    84.689    86.980  6 52581.33108616  3.170
 11  52.054734  67.570162     0.660     0.706  3 52616.33105891 16.531
 14  52.077634  67.574860    28.613     2.087  3 52721.33107465  8.195
 16  52.095822  67.575734    81.187    81.413  6 52791.33104697  3.995
 17  52.104687  67.585461    83.763    83.763  2 52826.33111404  1.411
 19  52.071190  67.575348    86.572    88.059  3 52896.33119259  1.639
 21  52.095090  67.576724    81.205    81.085  6 52966.33113731  5.765
 22  52.065118  67.572609     1.065     1.033  4 53001.33116870 15.751
 27  52.083976  67.578823    84.695    83.737  6 53176.33117467  7.601
 30  52.093098  67.578523    82.443    82.570  7 53281.33114765  3.933
 31  52.085438  67.577511    81.236    80.432  6 53316.33115873  4.075
 32  52.075687  67.576386    83.300    80.766  5 53351.33112487  4.294
 33  52.098283  67.581373    81.229    80.712  4 53386.33110911  1.409
 37  52.085010  67.577992    82.453    82.642  7 53526.33118611  4.723
 39  52.069607  67.573710     1.914     2.007  5 53596.33115473 32.157
 40  52.093582  67.577677    83.689    83.813  6 53631.33114766  3.327
 41  52.075979  67.576293    71.344    70.470  5 53666.33117138  8.478
 42  52.074238  67.575180    83.617    81.591  6 53701.33112195  5.688
 47  52.088136  67.577866    83.473    82.265  7 53876.33109482  6.416
 48  52.079566  67.578524    80.732    80.960  4 53911.33114398  1.017
 49  52.064632  67.575002    86.420    86.420  2 53946.33116290  2.581
 50  52.061628  67.572739    82.776    82.823  3 53981.33110842  2.225
 51  52.101295  67.580689    81.706    81.981  6 54016.33112825  4.026
 52  52.087143  67.575239     0.762     0.728  4 54051.33112885 23.696
 58  52.082050  67.577323    84.075    83.848  6 54261.33111119  6.644
 59  52.080305  67.578026     4.336     4.157  6 54296.33111561 18.493
 60  52.069370  67.572937     0.769     0.450  5 54331.33110833 30.973
 61  52.056629  67.571258    84.218    83.794  4 54366.33105195  1.829
 62  52.080144  67.577408    83.875    82.634  7 54401.33104949  3.195
 63  52.061735  67.571981    83.828    84.993  4 54436.33100827  3.426
 64  52.095512  67.581712    87.013    87.021  4 54471.33103268  1.014
 69  52.079984  67.578503    81.115    81.134  5 54646.33104737  2.662
 72  52.085550  67.577741    80.702    80.580  6 54751.33101980  5.144
 73  52.063223  67.571568    82.184    86.855  4 54786.33098903  3.243
 74  52.088469  67.578424     1.587     1.506  6 54821.33101311 11.597
 79  52.072928  67.574819    81.852    81.558  6 54996.33103762  5.747
 80  52.076524  67.577013    81.517    81.147  3 55031.33102684  0.993
 81  52.072497  67.576201    82.486    82.782  3 55066.33101669  0.249
 82  52.049010  67.568259    82.657    82.750  3 55101.33096019  1.703
 83  52.084444  67.577834    83.765    83.572  6 55136.33096205  8.392
 84  52.062098  67.571953    81.634    86.158  5 55171.33092613  6.628
 85  52.088229  67.579987    79.054    79.563  4 55206.33095511  2.064
 89  52.076204  67.575654     5.838     5.813  6 55346.33091952 25.035
 90  52.071846  67.576591    82.107    82.204  3 55381.33091188  1.341
 91  52.092339  67.582016    81.370    81.317  3 55416.33093723  1.881
 92  52.070892  67.576958    82.426    82.426  2 55451.33092260  1.219
