# NaN NaN NaN ;Mean Elev.(m), Avg Gradient(m/km), RMS Gradient(m/km) - SRTM1     
#  -11.019  -0.955   4.779 ;Mean Elev.(m), Avg Gradient(m/km), RMS Gradient(m/km) - ASTER GDEM
#   30.000   0.135   1.130 ;Mean Elev.(m), Avg Gradient(m/km), RMS Gradient(m/km) - GMTED2010 
  7  52.200693  65.717739    14.041    14.001  5 52454.32548769 48.068
  8  52.202076  65.712979    11.318    11.283  6 52489.32546569 32.215
  9  52.200835  65.723692    12.685    12.685  2 52524.32544026 21.094
 10  52.204019  65.711972    11.258    11.375  5 52559.32549185 27.923
 11  52.201716  65.720994    11.957    11.957  2 52594.32549388 28.928
 13  52.201059  65.715329    12.728    12.647  5 52664.32545659 13.861
 14  52.206418  65.697566    12.922    12.970  9 52699.32543371 11.744
 15  52.202517  65.711704    14.621    14.425  5 52734.32545853 12.543
 16  52.197467  65.724677    11.253    11.261  3 52769.32545195 36.120
 17  52.206718  65.704322    14.413    14.405  6 52804.32548433 43.089
 18  52.206050  65.706927    12.380    12.291  5 52839.32554618 23.561
 19  52.203950  65.709832    10.197    10.169  5 52874.32558524 49.199
 21  52.204618  65.693173    10.231    10.241 10 52944.32549996 49.467
 22  52.206103  65.708233    11.107    11.119  5 52979.32555050 26.253
 23  52.202087  65.722023    13.602    13.527  3 53014.32554604 12.447
 24  52.206730  65.706481    13.976    13.977  6 53049.32552087 12.711
 25  52.198801  65.723346    14.526    14.385  3 53084.32555391 11.580
 26  52.204826  65.710646    12.832    12.741  4 53119.32552615  7.777
 27  52.200254  65.713382    16.463    16.428  5 53154.32557750 24.769
 28  52.205491  65.709147    15.813    15.997  5 53189.32556756 24.110
 29  52.199474  65.713441    10.248    10.411  5 53224.32558034 27.688
 30  52.197520  65.724777     9.943     9.943  2 53259.32555339 36.281
 31  52.201402  65.711871    11.332    11.331  6 53294.32558094 25.385
 32  52.201871  65.713013    10.730    10.779  5 53329.32555405 35.612
 33  52.200173  65.717944    12.118    12.135  5 53364.32550443 19.321
 34  52.206190  65.711897    11.725    11.908  5 53399.32552920 14.054
 35  52.199955  65.717814    12.895    12.888  4 53434.32551875 13.388
 36  52.206002  65.709197    15.026    14.924  6 53469.32556278 15.958
 37  52.200112  65.716860    13.792    13.822  5 53504.32560480 48.688
 38  52.200355  65.714578    12.293    12.369  5 53539.32560351 31.381
 39  52.201055  65.722091    10.820    10.622  3 53574.32559943 36.041
 40  52.198531  65.725739    10.216    10.216  2 53609.32554896 35.487
 41  52.206395  65.706092    11.723    11.787  6 53644.32555475 20.697
 42  52.200554  65.719967    11.509    11.256  3 53679.32557023 29.828
 43  52.201572  65.720045     9.723     9.714  4 53714.32549842 37.694
 44  52.206252  65.696884    11.493    11.148  9 53749.32541760 18.231
 45  52.201463  65.712110    12.079    11.889  5 53784.32544557 14.818
 46  52.198125  65.724401    13.380    13.294  3 53819.32540433 16.029
 47  52.203869  65.711679     9.337     9.340  5 53854.32548702 18.432
 48  52.205687  65.707639    16.041    16.061  5 53889.32549651 22.580
 49  52.199643  65.718224    11.367    11.064  4 53924.32556144 34.296
 50  52.198569  65.723193    13.334    13.334  2 53959.32555112 26.112
 51  52.202609  65.689970    12.647    12.426 10 53994.32548897 24.491
 52  52.206078  65.704899    10.026    10.034  6 54029.32554476 42.253
 53  52.200714  65.711658    12.408    12.417  6 54064.32553760 21.533
 54  52.200180  65.722682    12.181    12.181  2 54099.32550182 16.400
 55  52.206516  65.706515    13.777    13.873  6 54134.32546270 11.416
 57  52.205976  65.707221    14.311    14.351  5 54204.32546685 10.572
 58  52.202276  65.711513    15.725    15.680  5 54239.32550046 52.970
 59  52.200999  65.712290    15.872    15.874  6 54274.32551747 22.140
 60  52.203529  65.712381    11.703    11.734  5 54309.32551911 43.062
 61  52.200695  65.721849    11.811    11.913  3 54344.32549440 30.756
 62  52.206402  65.710067    13.859    13.839  5 54379.32545534 22.278
 63  52.199059  65.714188    11.725    11.773  5 54414.32544403 35.615
 64  52.205491  65.705796    11.208    11.210  6 54449.32542319 22.408
 65  52.203527  65.711944    12.319    12.417  6 54484.32543866 15.446
 66  52.206410  65.708284    13.587    13.754  6 54519.32543638 12.602
 67  52.201053  65.721025     9.622     9.671  3 54554.32544869 19.830
 68  52.203793  65.710883    11.563    11.294  5 54589.32543163 20.220
 69  52.200568  65.714309    16.459    16.312  5 54624.32544843 26.288
 70  52.199988  65.712522    12.094    11.729  6 54659.32545740 46.690
 71  52.198895  65.715293    10.146    10.052  5 54694.32543692 35.660
 72  52.206758  65.709782    12.009    12.023  5 54729.32541203 26.914
 73  52.201522  65.713042    11.271    11.124  6 54764.32541548 31.845
 74  52.206587  65.706952    11.737    11.735  5 54799.32540619 42.207
 75  52.199610  65.712707    11.780    11.765  6 54834.32540624 16.925
 76  52.206204  65.705557    12.467    12.593  6 54869.32540330 12.655
 77  52.200215  65.723212    13.326    13.462  3 54904.32541373 13.597
 78  52.205354  65.709958    12.222    12.520  5 54939.32539355 11.481
 79  52.202840  65.711889    14.474    14.455  5 54974.32542395 46.479
 80  52.199240  65.714859    15.538    15.555  5 55009.32543710 26.089
 81  52.202365  65.711850    10.738    10.751  5 55044.32542753 33.689
 82  52.200292  65.720345    11.225    10.607  3 55079.32540250 23.645
 83  52.204001  65.708975    12.309    12.333  5 55114.32536043 19.159
 84  52.200558  65.713867    10.125    10.127  6 55149.32535975 36.429
 85  52.206821  65.707816    11.888    11.940  6 55184.32534352 16.339
 86  52.198917  65.714936    12.041    12.074  5 55219.32535742 15.339
 87  52.206677  65.708578    11.538    11.672  5 55254.32533961 13.593
 88  52.200250  65.722797    12.322    13.790  3 55289.32534554 11.458
 89  52.200762  65.713602    16.285    16.285  6 55324.32532547 52.567
 90  52.200769  65.715495    14.518    14.532  5 55359.32532336 45.416
 91  52.205986  65.711450    10.862    10.877  5 55394.32532814 30.457
 92  52.203339  65.712330    10.609    10.698  5 55429.32533944 28.350
 93  52.201050  65.722343    11.688    11.688  2 55464.32530050 29.778
