# NaN NaN NaN ;Mean Elev.(m), Avg Gradient(m/km), RMS Gradient(m/km) - SRTM1     
#    4.039  -0.653   4.228 ;Mean Elev.(m), Avg Gradient(m/km), RMS Gradient(m/km) - ASTER GDEM
#   41.608  -0.352   3.476 ;Mean Elev.(m), Avg Gradient(m/km), RMS Gradient(m/km) - GMTED2010 
  7  54.496871  65.647954    19.623    19.623  2 52471.71179697 37.394
  9  54.492890  65.645779    20.904    20.904  2 52541.71175625 51.492
 10  54.492725  65.647526    19.056    19.056  2 52576.71180551 50.231
 11  54.502045  65.649491    20.267    20.267  2 52611.71176848 23.149
 12  54.494393  65.647642    21.721    21.721  2 52646.71175434 17.028
 13  54.510982  65.650991    21.332    21.332  2 52681.71172502 13.391
 15  54.498001  65.647223    34.324    34.324  2 52751.71180782 12.484
 16  54.482364  65.645141    38.382    38.382  2 52786.71175236 23.715
 17  54.486949  65.646402    23.010    23.010  2 52821.71182565 51.602
 18  54.493365  65.647768    28.434    28.434  2 52856.71187304 22.767
 19  54.494282  65.647345    19.742    19.742  2 52891.71190530 44.965
 20  54.508135  65.650555    20.787    20.787  2 52926.71185771 51.601
 21  54.495068  65.646772    18.959    18.959  2 52961.71182558 41.232
 22  54.494530  65.647782    20.501    20.766  3 52996.71186693 14.838
 23  54.507558  65.651116    20.971    20.971  2 53031.71182736 15.314
 24  54.498480  65.647518    19.025    19.025  2 53066.71183599 16.980
 25  54.507268  65.650082    26.007    26.007  2 53101.71183313 11.119
 26  54.496797  65.648555    25.826    20.557  3 53136.71183847 15.793
 27  54.493366  65.646462    28.743    24.803  3 53171.71188808 30.595
 28  54.497729  65.648207    18.282    18.282  2 53206.71190204 42.629
 29  54.507954  65.649562    21.503    21.503  2 53241.71186969 17.387
 30  54.485869  65.643535    21.992    21.992  2 53276.71184054 18.969
 31  54.493990  65.646658    18.965    18.959  3 53311.71187968 34.264
 32  54.503232  65.648947    19.949    19.949  3 53346.71184567 21.991
 33  54.487722  65.645102    20.239    20.239  2 53381.71180557 16.336
 34  54.504100  65.650277    21.078    21.235  3 53416.71182417 14.500
 35  54.483576  65.645563    23.036    23.036  2 53451.71182247 12.401
 36  54.489321  65.645762    30.261    30.261  2 53486.71190768  5.757
 37  54.500926  65.648954    38.441    38.441  2 53521.71190025 22.076
 38  54.493318  65.647904    28.636    28.636  2 53556.71192475 17.980
 39  54.512190  65.652298    18.600    18.592  3 53591.71186274 46.963
 40  54.480209  65.641846    21.221    21.221  2 53626.71185042 21.523
 41  54.491817  65.647152    31.371    36.112  3 53661.71187657 18.163
 42  54.505067  65.648883    21.177    21.203  3 53696.71184429 43.630
 43  54.512653  65.652740    21.103    21.103  2 53731.71176746 15.148
 44  54.498561  65.647842    20.531    20.531  2 53766.71174010 13.716
 45  54.510642  65.650876    21.270    21.270  2 53801.71174166 12.540
 46  54.487051  65.644722    22.818    22.818  2 53836.71175001  9.300
 47  54.494582  65.647692    21.030    21.030  2 53871.71180509 47.981
 48  54.492007  65.647305    29.786    29.786  2 53906.71184443 21.085
 49  54.489709  65.647005    19.321    19.321  2 53941.71187261 33.840
 50  54.505397  65.650278    20.307    20.307  2 53976.71182739 21.995
 51  54.485587  65.645623    20.265    20.265  2 54011.71183063 32.476
 52  54.501366  65.648682    21.464    21.464  2 54046.71184359 44.825
 54  54.512966  65.651294    20.744    20.744  2 54116.71176919 20.413
 55  54.496196  65.648561    19.316    19.091  3 54151.71178775 16.289
 56  54.510448  65.651164    24.877    24.877  2 54186.71176185  8.990
 57  54.492630  65.646503    23.235    23.235  2 54221.71179719 29.815
 58  54.499164  65.647763    26.078    26.077  3 54256.71182007 42.311
 59  54.499437  65.648970    20.680    20.680  2 54291.71182213 38.901
 60  54.503092  65.649392    19.174    19.174  2 54326.71181908 30.522
 63  54.509515  65.650159    20.488    20.488  2 54431.71171961 25.169
 64  54.493942  65.647907    21.454    21.454  2 54466.71173998 18.103
 65  54.505007  65.650689    20.646    20.646  2 54501.71173380 15.235
 66  54.500175  65.649579    22.210    22.097  3 54536.71175532 14.081
 67  54.509502  65.650941    21.355    21.355  2 54571.71173581 11.238
 69  54.500962  65.648836    25.883    25.883  2 54641.71175801 34.679
 70  54.497743  65.648266    18.644    18.644  2 54676.71176009 34.853
 73  54.502932  65.650030    20.716    20.718  3 54781.71170051 38.048
 74  54.495263  65.647274    20.165    20.165  2 54816.71172107 23.445
 75  54.504860  65.649963    21.659    21.659  2 54851.71169840 12.758
 76  54.496960  65.647364    21.840    21.840  2 54886.71172511 14.743
 77  54.510609  65.651664    25.251    25.161  3 54921.71169937 11.695
 78  54.493184  65.647347    35.904    35.904  2 54956.71172151  5.870
 79  54.495836  65.648217    36.191    36.191  2 54991.71174460 22.646
 80  54.503354  65.649048    20.474    20.474  2 55026.71173524 42.706
 81  54.500102  65.648931    21.497    21.497  2 55061.71172853 17.447
 82  54.511552  65.651825    19.035    19.035  2 55096.71167773 40.220
 83  54.496226  65.647521    19.205    19.205  2 55131.71167111 52.495
 84  54.505283  65.649640    20.256    20.256  2 55166.71163962 22.695
 85  54.495254  65.647779    19.667    19.667  2 55201.71166346 14.830
 86  54.506886  65.650072    20.325    20.325  2 55236.71164629 15.527
 87  54.499268  65.649004    19.260    19.076  3 55271.71165779 18.361
 89  54.500125  65.647647    24.613    24.592  3 55341.71162783 26.738
 90  54.504720  65.648913    28.660    28.660  2 55376.71162113 19.641
 91  54.496838  65.647078    20.398    20.592  3 55411.71164432 22.220
 92  54.504526  65.647023    28.329    28.329  2 55446.71163597 20.341
