# NaN NaN NaN ;Mean Elev.(m), Avg Gradient(m/km), RMS Gradient(m/km) - SRTM1     
#    2.434   0.099   4.363 ;Mean Elev.(m), Avg Gradient(m/km), RMS Gradient(m/km) - ASTER GDEM
#    0.001   0.047   3.687 ;Mean Elev.(m), Avg Gradient(m/km), RMS Gradient(m/km) - GMTED2010 
  7     7.568 52473.32697253 21.70  54.230335  68.171898 10.157
  7     7.591 52473.32697317 20.97  54.226555  68.168858 10.157
  7     7.496 52473.32697382 19.12  54.222785  68.165818 10.157
  7     7.255 52473.32697446 17.60  54.219015  68.162778 10.157
  7     6.372 52473.32697511 17.87  54.215235  68.159738 10.157
  7     5.886 52473.32697575 19.50  54.211465  68.156698 10.157
  7    -0.100 52473.32697640 23.91  54.207695  68.153658 10.157
  7    -0.100 52473.32697704 22.74  54.203925  68.150608 10.157
  7     9.589 52473.32697769 15.55  54.200155  68.147568 10.157
  7     9.717 52473.32697833 14.31  54.196385  68.144528 10.157
  7    11.146 52473.32697897 13.22  54.192625  68.141488 10.157
  7     8.913 52473.32697962 14.77  54.188855  68.138448 10.157
  7     8.994 52473.32698026 13.93  54.185085  68.135408 10.157
  7     9.077 52473.32698091 12.90  54.181325  68.132368 10.157
  7     8.972 52473.32698155 14.43  54.177566  68.129321  7.454
  7     6.760 52473.32698220 16.47  54.173796  68.126281  7.454
  7     3.650 52473.32698284 18.65  54.170036  68.123241  7.454
  7     9.677 52473.32698349 18.29  54.166276  68.120191  7.454
  7    -0.617 52473.32698413 17.90  54.162516  68.117151  7.454
  7    -0.552 52473.32698478 17.70  54.158756  68.114111  7.454
  7    -0.377 52473.32698542 17.52  54.155006  68.111071  7.454
  7    -0.376 52473.32698607 17.69  54.151246  68.108031  7.454
  7    -0.359 52473.32698671 17.01  54.147486  68.104981  7.454
  7    -0.389 52473.32698736 18.27  54.143736  68.101941  7.454
  7    -0.296 52473.32698800 19.03  54.139976  68.098901  7.454
  8     7.624 52508.32694215 22.17  54.228476  68.170661 11.238
  8     7.656 52508.32694279 20.83  54.224696  68.167621 11.238
  8     7.539 52508.32694344 19.04  54.220926  68.164581 11.238
  8     7.115 52508.32694408 18.37  54.217156  68.161541 11.238
  8     5.970 52508.32694472 22.68  54.213386  68.158501 11.238
  8     5.707 52508.32694537 21.75  54.209606  68.155461 11.238
  8     0.167 52508.32694601 25.12  54.205846  68.152421 11.238
  8     9.133 52508.32694666 22.85  54.202076  68.149381 11.238
  8     9.906 52508.32694730 17.25  54.198306  68.146331 11.238
  8    11.709 52508.32694795 14.28  54.194536  68.143291 11.238
  8     9.068 52508.32694859 21.08  54.190776  68.140251 11.238
  8     8.982 52508.32694924 19.33  54.187006  68.137211 11.238
  8     9.155 52508.32694988 17.56  54.183246  68.134171 11.238
  8     9.155 52508.32695053 18.23  54.179476  68.131121 11.238
  8     9.524 52508.32695117 15.93  54.175716  68.128081 11.238
  8     9.871 52508.32695182 15.11  54.171960  68.125039  4.512
  8    10.612 52508.32695246 14.62  54.168200  68.121999  4.512
  8    11.418 52508.32695311 14.98  54.164440  68.118959  4.512
  8    11.832 52508.32695375 15.42  54.160680  68.115919  4.512
  8     9.054 52508.32695439 16.37  54.156920  68.112869  4.512
  8     8.428 52508.32695504 17.68  54.153160  68.109829  4.512
  8    -0.032 52508.32695568 17.49  54.149410  68.106789  4.512
  8    10.104 52508.32695633 15.10  54.145650  68.103749  4.512
  8    10.247 52508.32695697 15.02  54.141900  68.100699  4.512
  8     9.786 52508.32695762 15.88  54.138150  68.097659  4.512
  9    13.794 52543.32694111 17.60  54.179949  68.109243 22.444
  9    14.290 52543.32694175 16.29  54.176199  68.106203 22.444
  9     0.513 52543.32694240 23.80  54.172439  68.103163 22.444
  9     0.385 52543.32694304 28.52  54.168679  68.100123 22.444
 10     0.157 52578.32697941 37.79  54.222509  68.161036 17.886
 10     0.223 52578.32698198 37.99  54.207427  68.148872 37.448
 10     0.259 52578.32698263 42.35  54.203657  68.145822 37.448
 10     0.102 52578.32698327 39.62  54.199887  68.142782 37.448
 10     0.212 52578.32698392 41.25  54.196117  68.139742 37.448
 10     0.125 52578.32698585 41.93  54.184827  68.130622 37.448
 10     0.108 52578.32698650 40.87  54.181067  68.127582 37.448
 10     0.143 52578.32698714 44.44  54.177297  68.124532 37.448
 10     0.183 52578.32698843 42.00  54.169777  68.118452 37.448
 10     0.203 52578.32698908 41.32  54.166017  68.115412 37.448
 10     0.136 52578.32698972 42.01  54.162257  68.112372 37.448
 10     0.027 52578.32699101 39.67  54.154747  68.106282 37.448
 10     0.084 52578.32699165 42.30  54.150987  68.103242 37.448
 10     0.165 52578.32699230 38.66  54.147227  68.100202 37.448
 10     0.147 52578.32699294 39.90  54.143477  68.097152 37.448
 10     0.103 52578.32699359 39.08  54.139727  68.094112 37.448
 11    -0.265 52613.32694005 16.25  54.239154  68.184637  3.169
 11    -0.112 52613.32694069 15.78  54.235374  68.181597  3.169
 11    -0.143 52613.32694134 16.87  54.231594  68.178557  3.169
 11     0.008 52613.32694198 16.17  54.227824  68.175517  3.169
 11    -0.130 52613.32694263 16.23  54.224044  68.172477  3.169
 11    -0.101 52613.32694327 15.88  54.220274  68.169437  3.169
 11    -0.097 52613.32694392 16.25  54.216494  68.166397  3.169
 11    -0.149 52613.32694456 16.65  54.212724  68.163357  3.169
 11    -0.120 52613.32694521 16.51  54.208954  68.160307  3.169
 11    -0.098 52613.32694585 16.51  54.205184  68.157267  3.169
 11    -0.229 52613.32694650 16.95  54.201414  68.154227  3.169
 11    -0.159 52613.32694714 16.74  54.197644  68.151187  3.169
 11    -0.079 52613.32694779 16.80  54.193874  68.148147  3.169
 11    -0.136 52613.32694843 16.74  54.190114  68.145107  3.169
 11    -0.263 52613.32694908 16.88  54.186344  68.142064  3.664
 11    -0.064 52613.32694972 16.83  54.182574  68.139024  3.664
 11    -0.109 52613.32695036 17.37  54.178814  68.135984  3.664
 11    -0.014 52613.32695101 17.57  54.175054  68.132934  3.664
 11    -0.136 52613.32695165 16.95  54.171294  68.129894  3.664
 11    -0.195 52613.32695230 18.17  54.167524  68.126854  3.664
 11    -0.074 52613.32695294 17.60  54.163764  68.123814  3.664
 11    -0.067 52613.32695359 17.84  54.160004  68.120774  3.664
 11    -0.074 52613.32695423 18.18  54.156254  68.117724  3.664
 11    -0.026 52613.32695488 17.84  54.152494  68.114684  3.664
 11     0.049 52613.32695552 17.43  54.148734  68.111644  3.664
 11    -0.104 52613.32695617 17.27  54.144984  68.108604  3.664
 11    -0.011 52613.32695681 17.22  54.141224  68.105554  3.664
 11     0.054 52613.32695746 17.24  54.137474  68.102514  3.664
 12    -0.189 52648.32693644 12.74  54.173987  68.115449  3.211
 12    -0.413 52648.32693708 13.76  54.170227  68.112409  3.211
 12    -0.385 52648.32693773 13.57  54.166477  68.109359  3.211
 12    -0.331 52648.32693966 13.03  54.155207  68.100239  3.211
 12    -0.347 52648.32694031 13.05  54.151447  68.097189  3.211
 12    -0.390 52648.32694095 12.56  54.147697  68.094149  3.211
 12    -0.080 52648.32694159 12.93  54.143947  68.091109  3.211
 13    -0.382 52683.32690138 10.39  54.231935  68.169345  2.589
 13    -0.403 52683.32690267 10.40  54.224395  68.163255  2.589
 13    -0.417 52683.32690331 10.62  54.220625  68.160215  2.589
 13    -0.070 52683.32690524 10.50  54.209315  68.151095  2.589
 13    -0.227 52683.32690589 10.50  54.205542  68.148054  3.135
 13    -0.463 52683.32690653 11.26  54.201772  68.145014  3.135
 13    -0.379 52683.32690718 10.90  54.198012  68.141974  3.135
 13    -0.360 52683.32690782 10.59  54.194242  68.138924  3.135
 13    -0.261 52683.32690911 10.68  54.186712  68.132844  3.135
 13    -0.347 52683.32690976 11.19  54.182952  68.129804  3.135
 13    -0.319 52683.32691040 10.97  54.179192  68.126764  3.135
 13    -0.245 52683.32691169 11.18  54.171672  68.120674  3.135
 13    -0.182 52683.32691234 11.38  54.167912  68.117634  3.135
 13    -0.033 52683.32691298 11.49  54.164152  68.114594  3.135
 13    -0.228 52683.32691363 11.79  54.160402  68.111554  3.135
 13    -0.271 52683.32691492 11.55  54.152882  68.105464  3.135
 13    -0.127 52683.32691556 10.75  54.149132  68.102424  3.135
 13    -0.284 52683.32691620 10.47  54.145382  68.099374  3.135
 13    -0.196 52683.32691685 10.87  54.141622  68.096334  3.135
 15     7.756 52753.32697795  6.18  54.239328  68.193145  2.880
 15     5.079 52753.32697859  6.18  54.235548  68.190105  2.880
 15    10.444 52753.32697924  6.12  54.231768  68.187065  2.880
 15     4.866 52753.32697988  6.46  54.227988  68.184025  2.880
 15     4.683 52753.32698053  7.09  54.224218  68.180985  2.880
 15     6.625 52753.32698117  7.04  54.220438  68.177945  2.880
 15     1.179 52753.32698182  7.52  54.216658  68.174905  2.880
 15     5.382 52753.32698246  7.40  54.212888  68.171865  2.880
 15     4.927 52753.32698311  7.24  54.209108  68.168825  2.880
 15     4.424 52753.32698375  7.74  54.205338  68.165785  2.880
 15     3.164 52753.32698440  7.76  54.201568  68.162745  2.880
 15     0.357 52753.32698504  7.67  54.197798  68.159695  2.880
 15     0.108 52753.32698569  7.82  54.194028  68.156655  2.880
 15     0.005 52753.32698633  8.06  54.190258  68.153615  2.880
 15     0.248 52753.32698698  7.52  54.186488  68.150575  2.880
 15     0.056 52753.32698762  8.07  54.182718  68.147535  2.880
 15     0.192 52753.32698826  7.39  54.178957  68.144491  3.537
 15    -0.030 52753.32698891  7.93  54.175187  68.141451  3.537
 15     7.422 52753.32698955  7.11  54.171427  68.138411  3.537
 15     6.845 52753.32699020  7.34  54.167657  68.135361  3.537
 15     0.101 52753.32699084  7.65  54.163897  68.132321  3.537
 15    -0.031 52753.32699149  7.99  54.160137  68.129281  3.537
 15     0.276 52753.32699213  7.53  54.156377  68.126241  3.537
 15     0.094 52753.32699278  8.49  54.152617  68.123201  3.537
 15     0.238 52753.32699342  8.71  54.148857  68.120151  3.537
 15    -0.019 52753.32699407 10.28  54.145097  68.117111  3.537
 15     0.462 52753.32699471  8.67  54.141337  68.114071  3.537
 15     0.374 52753.32699536  9.49  54.137577  68.111031  3.537
 15    -0.048 52753.32699600 11.60  54.133827  68.107981  3.537
 15    -0.043 52753.32699665 10.83  54.130067  68.104941  3.537
 16    10.170 52788.32693992 23.03  54.181258  68.112911 18.054
 16    14.479 52788.32694056 15.85  54.177498  68.109871 18.054
 16    15.111 52788.32694121 16.51  54.173738  68.106831 18.054
 16    14.820 52788.32694185 19.33  54.169978  68.103791 18.054
 16     7.779 52788.32694250 21.96  54.166218  68.100741 18.054
 17     0.403 52823.32701138 53.19  54.177035  68.113492 45.699
 17     0.562 52823.32701202 52.19  54.173275  68.110452 45.699
 17     0.464 52823.32701267 52.90  54.169515  68.107412 45.699
 17     0.464 52823.32701331 54.72  54.165755  68.104372 45.699
 17     0.557 52823.32701654 52.28  54.146985  68.089162 45.699
 18    -0.653 52858.32705812 29.36  54.175691  68.112706 21.087
 18    -0.391 52858.32705876 28.00  54.171931  68.109666 21.087
 18    -0.299 52858.32705941 31.40  54.168171  68.106626 21.087
 18    -0.500 52858.32706263 32.73  54.149391  68.091416 21.087
 18    -0.292 52858.32706328 32.32  54.145641  68.088366 21.087
 19     7.507 52893.32707777 24.23  54.231722  68.171604 17.483
 19     7.798 52893.32707841 20.80  54.227942  68.168564 17.483
 19     0.503 52893.32707906 25.88  54.224172  68.165524 17.483
 19     7.355 52893.32707970 18.07  54.220392  68.162484 17.483
 19     6.082 52893.32708035 21.67  54.216622  68.159444 17.483
 19     5.649 52893.32708099 21.51  54.212852  68.156394 17.483
 19     0.263 52893.32708163 25.49  54.209082  68.153354 17.483
 19     0.361 52893.32708228 25.67  54.205312  68.150314 17.483
 19     9.499 52893.32708292 18.11  54.201542  68.147274 17.483
 19     9.647 52893.32708357 15.29  54.197772  68.144234 17.483
 19     9.408 52893.32708421 16.83  54.194012  68.141194 17.483
 19     9.006 52893.32708486 18.60  54.190238  68.138152  5.838
 19     9.200 52893.32708615 14.90  54.182708  68.132062  5.838
 19     9.065 52893.32708679 16.61  54.178948  68.129022  5.838
 19     9.742 52893.32708744 16.60  54.175188  68.125982  5.838
 19    10.157 52893.32708808 16.16  54.171428  68.122942  5.838
 19    10.434 52893.32708873 15.35  54.167658  68.119902  5.838
 19     9.930 52893.32708937 15.92  54.163898  68.116852  5.838
 19     0.065 52893.32709002 17.39  54.160148  68.113812  5.838
 19     3.510 52893.32709066 16.66  54.156388  68.110772  5.838
 19    -0.087 52893.32709130 17.63  54.152628  68.107732  5.838
 19    -0.294 52893.32709195 17.10  54.148878  68.104692  5.838
 19    -0.330 52893.32709259 17.75  54.145118  68.101642  5.838
 19    -0.362 52893.32709324 19.29  54.141368  68.098602  5.838
 20    12.579 52928.32702534 14.03  54.237378  68.189252  6.791
 20    11.132 52928.32702598 14.42  54.233598  68.186212  6.791
 20     8.820 52928.32702663 16.55  54.229818  68.183172  6.791
 20     8.059 52928.32702727 15.89  54.226038  68.180122  6.791
 20     7.431 52928.32702792 15.25  54.222268  68.177082  6.791
 20     7.086 52928.32702856 14.83  54.218488  68.174042  6.791
 20     7.663 52928.32702921 15.15  54.214718  68.171002  6.791
 20     7.020 52928.32702985 14.72  54.210948  68.167962  6.791
 20     6.172 52928.32703049 16.01  54.207168  68.164922  6.791
 20     4.934 52928.32703114 18.18  54.203398  68.161882  6.791
 20     0.208 52928.32703178 18.22  54.199628  68.158842  6.791
 20     4.862 52928.32703243 17.74  54.195858  68.155792  6.791
 20     0.376 52928.32703307 17.12  54.192098  68.152752  6.791
 20     8.213 52928.32703372 16.91  54.188328  68.149712  6.791
 20     8.192 52928.32703436 16.85  54.184558  68.146672  6.791
 20    -0.545 52928.32703501 21.31  54.180798  68.143632  6.791
 20    -1.813 52928.32703565 32.59  54.177028  68.140592  6.791
 20    -1.928 52928.32703630 33.10  54.173268  68.137542  6.791
 20    -0.202 52928.32703694 26.04  54.169507  68.134500 22.670
 20    -0.173 52928.32703759 27.15  54.165747  68.131460 22.670
 20     0.582 52928.32703823 26.55  54.161977  68.128420 22.670
 20     0.587 52928.32703888 36.23  54.158227  68.125380 22.670
 20     0.395 52928.32703952 37.45  54.154467  68.122330 22.670
 20     0.758 52928.32704016 35.50  54.150707  68.119290 22.670
 20     0.354 52928.32704081 42.31  54.146947  68.116250 22.670
 20     0.772 52928.32704145 38.13  54.143197  68.113210 22.670
 20     0.590 52928.32704210 39.27  54.139437  68.110160 22.670
 20     0.523 52928.32704274 33.15  54.135687  68.107120 22.670
 20    -0.213 52928.32704339 36.95  54.131927  68.104080 22.670
 21     5.541 52963.32701945 22.23  54.181274  68.111048  3.660
 21     5.348 52963.32702010 23.12  54.177514  68.108008  3.660
 21    -0.187 52963.32702074 22.91  54.173754  68.104968  3.660
 21    -0.172 52963.32702138 23.15  54.169994  68.101928  3.660
 21     7.171 52963.32702203 23.21  54.166244  68.098878  3.660
 22     5.401 52998.32704577 15.57  54.231772  68.172292  2.655
 22     5.398 52998.32704642 15.62  54.227992  68.169252  2.655
 22     4.210 52998.32704771 15.61  54.220442  68.163172  2.655
 22    -0.171 52998.32704835 16.05  54.216672  68.160122  2.655
 22     1.476 52998.32704900 16.24  54.212902  68.157082  2.655
 22     1.877 52998.32704964 16.13  54.209132  68.154042  2.655
 22     0.003 52998.32705029 15.87  54.205359  68.151008  3.322
 22    -0.315 52998.32705093 15.85  54.201589  68.147958  3.322
 22    -0.287 52998.32705158 16.29  54.197819  68.144918  3.322
 22     3.744 52998.32705222 15.28  54.194049  68.141878  3.322
 22     3.593 52998.32705286 15.74  54.190289  68.138838  3.322
 22    -0.099 52998.32705415 15.85  54.182759  68.132758  3.322
 22     3.346 52998.32705480 15.86  54.178999  68.129708  3.322
 22    -0.183 52998.32705544 16.13  54.175229  68.126668  3.322
 22     2.165 52998.32705609 16.03  54.171469  68.123628  3.322
 22    -0.057 52998.32705673 16.33  54.167709  68.120588  3.322
 22     0.473 52998.32705738 16.24  54.163949  68.117548  3.322
 22     0.213 52998.32705802 16.08  54.160189  68.114508  3.322
 22     0.868 52998.32705867 15.60  54.156429  68.111458  3.322
 22     2.565 52998.32705931 16.07  54.152679  68.108418  3.322
 22    -0.087 52998.32705996 16.10  54.148919  68.105378  3.322
 22    -0.059 52998.32706060 16.20  54.145159  68.102338  3.322
 22     0.014 52998.32706125 15.54  54.141409  68.099288  3.322
 22    -0.258 52998.32706189 15.79  54.137659  68.096248  3.322
 23    -0.676 53033.32699777 12.14  54.235800  68.185567  3.162
 23    -0.426 53033.32699842 13.01  54.232020  68.182527  3.162
 23    -0.439 53033.32699906 12.96  54.228240  68.179487  3.162
 23    -0.493 53033.32699971 13.44  54.224470  68.176447  3.162
 23    -0.404 53033.32700035 13.22  54.220690  68.173407  3.162
 23    -0.493 53033.32700099 13.16  54.216920  68.170367  3.162
 23    -0.602 53033.32700164 13.77  54.213140  68.167327  3.162
 23     1.886 53033.32700228 13.06  54.209370  68.164287  3.162
 23    -0.593 53033.32700293 13.31  54.205600  68.161247  3.162
 23    -0.523 53033.32700357 13.36  54.201830  68.158197  3.162
 23     0.059 53033.32700422 13.29  54.198060  68.155157  3.162
 23    -0.773 53033.32700486 13.48  54.194290  68.152117  3.162
 23    -0.730 53033.32700551 12.79  54.190530  68.149077  3.162
 23    -0.699 53033.32700615 12.74  54.186760  68.146037  3.162
 23    -0.873 53033.32700680 13.44  54.182999  68.142991  3.429
 23    -0.906 53033.32700744 13.46  54.179229  68.139951  3.429
 23    -0.818 53033.32700809 13.34  54.175469  68.136911  3.429
 23    -0.652 53033.32700873 12.92  54.171709  68.133861  3.429
 23    -0.760 53033.32700938 12.89  54.167939  68.130821  3.429
 23    -0.834 53033.32701002 13.30  54.164179  68.127781  3.429
 23    -0.629 53033.32701066 12.88  54.160419  68.124741  3.429
 23    -0.666 53033.32701131 13.41  54.156659  68.121701  3.429
 23    -0.411 53033.32701195 13.52  54.152909  68.118651  3.429
 23    -0.414 53033.32701260 13.46  54.149149  68.115611  3.429
 23    -0.231 53033.32701324 13.20  54.145389  68.112571  3.429
 23    -0.078 53033.32701389 12.84  54.141639  68.109531  3.429
 23     0.300 53033.32701453 12.98  54.137879  68.106481  3.429
 23    -0.119 53033.32701518 12.67  54.134129  68.103441  3.429
 24     3.360 53068.32702535  8.79  54.173903  68.117100  2.778
 24     5.659 53068.32702599  8.97  54.170143  68.114060  2.778
 24     4.577 53068.32702664  9.18  54.166383  68.111020  2.778
 24     0.110 53068.32702857 10.15  54.155113  68.101890  2.778
 24     0.093 53068.32702921  9.90  54.151363  68.098850  2.778
 24    -0.056 53068.32702986 10.31  54.147603  68.095800  2.778
 24    -0.060 53068.32703050  9.88  54.143853  68.092760  2.778
 25    11.859 53103.32699902  7.61  54.237067  68.190202  2.868
 25    11.643 53103.32699966  8.17  54.233297  68.187162  2.868
 25     8.310 53103.32700031  8.72  54.229517  68.184112  2.868
 25     7.323 53103.32700095  8.90  54.225737  68.181072  2.868
 25     5.836 53103.32700160  9.22  54.221967  68.178032  2.868
 25     6.884 53103.32700224  9.26  54.218187  68.174992  2.868
 25     5.711 53103.32700289  9.41  54.214417  68.171952  2.868
 25     6.172 53103.32700353  9.06  54.210637  68.168912  2.868
 25     5.394 53103.32700418  9.29  54.206867  68.165872  2.868
 25     5.743 53103.32700482  9.41  54.203097  68.162832  2.868
 25     3.279 53103.32700547  9.44  54.199327  68.159792  2.868
 25     1.713 53103.32700611 10.03  54.195557  68.156742  2.868
 25    -0.163 53103.32700675 10.01  54.191787  68.153702  2.868
 25     0.026 53103.32700740  9.87  54.188027  68.150662  2.868
 25    -0.205 53103.32700804 10.16  54.184257  68.147622  2.868
 25    -0.126 53103.32700869 10.28  54.180487  68.144582  2.868
 25    -0.298 53103.32700933 10.12  54.176727  68.141532  2.868
 25     0.090 53103.32700998  9.99  54.172965  68.138492  2.801
 25    -0.154 53103.32701062 10.17  54.169205  68.135452  2.801
 25     4.860 53103.32701127  9.71  54.165435  68.132412  2.801
 25     4.548 53103.32701191  9.97  54.161675  68.129372  2.801
 25     4.360 53103.32701256 10.07  54.157915  68.126322  2.801
 25     1.082 53103.32701320 10.15  54.154155  68.123282  2.801
 25     1.086 53103.32701385 10.38  54.150405  68.120242  2.801
 25     2.500 53103.32701449 10.33  54.146645  68.117202  2.801
 25     0.661 53103.32701514 10.35  54.142885  68.114152  2.801
 25     0.691 53103.32701578 10.87  54.139135  68.111112  2.801
 25     1.552 53103.32701642 10.68  54.135375  68.108072  2.801
 25     0.992 53103.32701707 11.05  54.131625  68.105032  2.801
 26     7.683 53138.32702947  1.70  54.176946  68.115448  2.228
 26     7.971 53138.32703011  1.92  54.173186  68.112408  2.228
 26     8.511 53138.32703076  1.87  54.169426  68.109358  2.228
 26     6.672 53138.32703140  2.60  54.165666  68.106318  2.228
 26     8.915 53138.32703463  3.13  54.146896  68.091108  2.228
 27     6.023 53173.32706274 23.72  54.224636  68.160618 21.018
 27    11.741 53173.32706661 23.28  54.202016  68.142368 21.018
 27     9.433 53173.32706725 23.90  54.198246  68.139328 21.018
 27     9.150 53173.32706918 24.08  54.186949  68.130207  4.667
 27    11.996 53173.32707176 16.89  54.171899  68.118037  4.667
 27    10.413 53173.32707241 16.87  54.168139  68.114997  4.667
 27    12.523 53173.32707305 17.45  54.164389  68.111947  4.667
 27     7.774 53173.32707499 18.66  54.153109  68.102827  4.667
 27     9.308 53173.32707563 17.76  54.149359  68.099777  4.667
 27    10.282 53173.32707628 17.85  54.145609  68.096737  4.667
 27    10.802 53173.32707692 17.58  54.141849  68.093697  4.667
 28     7.148 53208.32707638 19.00  54.231601  68.172012 16.170
 28     5.775 53208.32707703 18.06  54.227831  68.168972 16.170
 28     0.279 53208.32707767 29.25  54.224051  68.165932 16.170
 28    -0.025 53208.32707832 25.99  54.220281  68.162892 16.170
 28     3.382 53208.32707896 19.65  54.216511  68.159852 16.170
 28     3.063 53208.32707961 20.01  54.212731  68.156812 16.170
 28     0.034 53208.32708025 25.73  54.208961  68.153762 16.170
 28     0.065 53208.32708090 22.27  54.205191  68.150722 16.170
 28    -0.112 53208.32708154 19.24  54.201421  68.147682 16.170
 28    -0.211 53208.32708219 16.89  54.197661  68.144642 16.170
 28     5.264 53208.32708283 17.17  54.193892  68.141601  7.743
 28     5.436 53208.32708348 18.10  54.190122  68.138561  7.743
 28     5.152 53208.32708476 16.83  54.182592  68.132471  7.743
 28     0.775 53208.32708541 19.27  54.178832  68.129431  7.743
 28     0.039 53208.32708605 21.77  54.175072  68.126391  7.743
 28     0.128 53208.32708670 22.79  54.171312  68.123351  7.743
 28    -0.146 53208.32708734 22.25  54.167552  68.120311  7.743
 28    -0.335 53208.32708799 23.74  54.163792  68.117261  7.743
 28    -0.325 53208.32708863 25.49  54.160032  68.114221  7.743
 28    -0.136 53208.32708928 26.17  54.156272  68.111181  7.743
 28    -0.177 53208.32708992 27.22  54.152512  68.108141  7.743
 28    -0.394 53208.32709057 24.74  54.148762  68.105091  7.743
 28    -0.531 53208.32709121 24.18  54.145002  68.102051  7.743
 28    -0.635 53208.32709186 24.59  54.141252  68.099011  7.743
 28    -0.539 53208.32709250 23.24  54.137502  68.095971  7.743
 29     7.574 53243.32704442 18.25  54.228663  68.170328 11.234
 29     7.193 53243.32704507 17.37  54.224883  68.167288 11.234
 29     0.292 53243.32704571 21.64  54.221113  68.164248 11.234
 29     6.499 53243.32704636 16.79  54.217343  68.161208 11.234
 29     5.874 53243.32704700 18.26  54.213573  68.158158 11.234
 29    -0.196 53243.32704764 21.17  54.209803  68.155118 11.234
 29    -0.008 53243.32704829 20.62  54.206033  68.152078 11.234
 29    -0.125 53243.32704893 20.44  54.202263  68.149038 11.234
 29     9.277 53243.32704958 19.75  54.198493  68.145998 11.234
 29     9.013 53243.32705022 20.56  54.194731  68.142955 19.122
 29     8.599 53243.32705087 20.82  54.190961  68.139915 19.122
 29    -2.179 53243.32705216 22.62  54.183431  68.133825 19.122
 29    -2.483 53243.32705280 26.26  54.179671  68.130785 19.122
 29    -2.436 53243.32705345 26.52  54.175911  68.127745 19.122
 29    -2.266 53243.32705409 27.37  54.172151  68.124705 19.122
 29    -1.900 53243.32705474 28.07  54.168391  68.121665 19.122
 29    -1.279 53243.32705538 25.50  54.164631  68.118615 19.122
 29    -0.668 53243.32705603 25.13  54.160871  68.115575 19.122
 29    -0.422 53243.32705667 26.32  54.157111  68.112535 19.122
 29    -0.519 53243.32705731 29.35  54.153351  68.109495 19.122
 29    -0.435 53243.32705796 31.19  54.149601  68.106445 19.122
 29    -0.702 53243.32705860 35.14  54.145841  68.103405 19.122
 29    -0.950 53243.32705925 35.56  54.142091  68.100365 19.122
 29    -1.080 53243.32705989 33.08  54.138341  68.097325 19.122
 30    10.236 53278.32703249 18.61  54.179874  68.112481 24.696
 30    14.249 53278.32703314 18.21  54.176114  68.109431 24.696
 30    14.540 53278.32703378 17.16  54.172354  68.106391 24.696
 30    13.738 53278.32703443 19.37  54.168594  68.103351 24.696
 30     0.180 53278.32703507 24.37  54.164834  68.100311 24.696
 31     0.685 53313.32705152 28.13  54.225350  68.162289 12.134
 31     3.724 53313.32705216 27.78  54.221580  68.159249 12.134
 31     0.443 53313.32705539 30.22  54.202730  68.144039 12.134
 31     0.502 53313.32705603 29.42  54.198960  68.140999 12.134
 31     0.404 53313.32705797 31.13  54.187660  68.131879 12.134
 31     0.336 53313.32705861 31.90  54.183900  68.128839 12.134
 31     0.627 53313.32705926 31.32  54.180140  68.125789 12.134
 31     0.641 53313.32706054 33.66  54.172610  68.119709 12.134
 31     0.573 53313.32706119 35.12  54.168850  68.116669 12.134
 31     0.597 53313.32706183 36.02  54.165090  68.113629 12.134
 31     0.725 53313.32706248 37.52  54.161330  68.110579 12.134
 31     0.586 53313.32706377 36.28  54.153822  68.104502 17.653
 31     0.625 53313.32706441 36.25  54.150062  68.101452 17.653
 31     0.609 53313.32706506 37.24  54.146312  68.098412 17.653
 31     0.539 53313.32706570 35.62  54.142562  68.095372 17.653
 32     5.836 53348.32701608 17.39  54.229159  68.168404  2.464
 32     5.063 53348.32701737 18.26  54.221611  68.162324  3.729
 32     4.050 53348.32701801 18.14  54.217841  68.159284  3.729
 32     2.869 53348.32701866 18.10  54.214071  68.156244  3.729
 32     2.180 53348.32701930 18.19  54.210301  68.153204  3.729
 32    -0.088 53348.32701995 18.20  54.206531  68.150164  3.729
 32     2.835 53348.32702059 18.45  54.202761  68.147124  3.729
 32     4.149 53348.32702124 18.30  54.198991  68.144074  3.729
 32     4.376 53348.32702188 18.66  54.195231  68.141034  3.729
 32     3.992 53348.32702253 18.79  54.191461  68.137994  3.729
 32     3.633 53348.32702381 19.42  54.183931  68.131914  3.729
 32    -0.340 53348.32702446 19.92  54.180171  68.128874  3.729
 32     3.148 53348.32702510 19.39  54.176411  68.125824  3.729
 32     0.235 53348.32702639 20.56  54.168891  68.119744  3.729
 32     0.785 53348.32702704 20.36  54.165131  68.116704  3.729
 32     0.540 53348.32702768 20.75  54.161371  68.113664  3.729
 32     0.326 53348.32702833 19.94  54.157621  68.110614  3.729
 32     3.133 53348.32702897 20.72  54.153861  68.107574  3.729
 32    -0.184 53348.32702962 20.38  54.150106  68.104535  5.083
 32    -0.267 53348.32703026 20.62  54.146346  68.101485  5.083
 32    -0.269 53348.32703091 21.32  54.142596  68.098445  5.083
 32    -0.333 53348.32703155 21.27  54.138846  68.095405  5.083
 33     5.393 53383.32699654 15.55  54.178339  68.111990  2.547
 33     5.470 53383.32699718 16.44  54.174589  68.108940  2.547
 33     6.199 53383.32699783 16.25  54.170825  68.105900  3.290
 33     7.001 53383.32699847 16.38  54.167065  68.102860  3.290
 33     7.950 53383.32700170 16.78  54.148295  68.087650  3.290
 34     1.838 53418.32700641 14.62  54.173466  68.115739  3.172
 34     3.193 53418.32700705 14.33  54.169706  68.112689  3.172
 34    -0.377 53418.32700770 14.94  54.165946  68.109649  3.172
 34    -0.501 53418.32700963 14.51  54.154686  68.100520  3.428
 34    -0.386 53418.32701028 14.11  54.150926  68.097480  3.428
 34    -0.433 53418.32701092 14.56  54.147176  68.094440  3.428
 34    -0.250 53418.32701156 14.32  54.143426  68.091400  3.428
 36    -0.294 53488.32708384  9.40  54.229049  68.170156  3.312
 36    -0.466 53488.32708448  9.58  54.225279  68.167116  3.312
 36     2.791 53488.32708513  9.60  54.221499  68.164076  3.312
 36    -0.266 53488.32708577  9.63  54.217729  68.161036  3.312
 36    -0.335 53488.32708642 10.08  54.213949  68.157996  3.312
 36    -0.452 53488.32708706 10.44  54.210179  68.154956  3.312
 36    -0.215 53488.32708771  9.77  54.206409  68.151906  3.312
 36    -0.472 53488.32708835 10.10  54.202639  68.148866  3.312
 36    -0.672 53488.32708900 10.26  54.198869  68.145826  3.312
 36    -0.444 53488.32708964 10.13  54.195099  68.142786  3.312
 36    -0.550 53488.32709029  9.99  54.191339  68.139746  3.312
 36    -0.608 53488.32709157 10.20  54.183799  68.133666  3.312
 36    -0.434 53488.32709222 10.31  54.180039  68.130616  3.312
 36    -0.278 53488.32709286 10.36  54.176279  68.127576  3.312
 36    -0.578 53488.32709351 10.47  54.172509  68.124536  3.312
 36    -0.303 53488.32709415 10.70  54.168749  68.121496  3.312
 36    -0.528 53488.32709480 11.19  54.164989  68.118456  3.312
 36     0.152 53488.32709544 10.32  54.161229  68.115406  3.312
 36    -0.293 53488.32709609 11.28  54.157469  68.112366  3.312
 36    -0.189 53488.32709673 10.85  54.153710  68.109321  3.240
 36    -0.120 53488.32709738  9.94  54.149960  68.106281  3.240
 36    -0.248 53488.32709802  9.95  54.146200  68.103241  3.240
 36    -0.101 53488.32709867  9.79  54.142450  68.100201  3.240
 36    -0.094 53488.32709931  9.88  54.138690  68.097151  3.240
 37     6.246 53523.32707423 24.44  54.225314  68.160937 16.925
 37     9.465 53523.32707874 25.52  54.198924  68.139647 16.925
 37    10.737 53523.32708325 17.52  54.172584  68.118357 16.925
 37    12.350 53523.32708390 16.05  54.168824  68.115317 16.925
 37    13.045 53523.32708454 16.31  54.165064  68.112267 16.925
 37     9.454 53523.32708648 17.58  54.153802  68.103148  4.781
 37    11.525 53523.32708712 17.24  54.150042  68.100098  4.781
 37    11.013 53523.32708777 17.79  54.146292  68.097058  4.781
 37    10.594 53523.32708841 17.84  54.142532  68.094018  4.781
 38     7.350 53558.32709770 19.67  54.229332  68.174995 14.477
 38     7.453 53558.32709835 16.94  54.225562  68.171945 14.477
 38     7.326 53558.32709899 17.69  54.221787  68.168907  5.041
 38     7.191 53558.32709963 15.15  54.218007  68.165867  5.041
 38     7.132 53558.32710028 14.06  54.214237  68.162827  5.041
 38     6.121 53558.32710092 17.40  54.210467  68.159787  5.041
 38     5.658 53558.32710157 18.53  54.206697  68.156747  5.041
 38     0.331 53558.32710221 20.37  54.202927  68.153707  5.041
 38     8.968 53558.32710286 19.00  54.199157  68.150667  5.041
 38     9.095 53558.32710350 18.00  54.195387  68.147617  5.041
 38     9.532 53558.32710415 14.08  54.191617  68.144577  5.041
 38     8.966 53558.32710479 14.10  54.187847  68.141537  5.041
 38     8.750 53558.32710544 14.53  54.184087  68.138497  5.041
 38     8.709 53558.32710608 12.43  54.180317  68.135457  5.041
 38     8.861 53558.32710673 12.48  54.176557  68.132417  5.041
 38     9.035 53558.32710737 13.85  54.172787  68.129367  5.041
 38     9.365 53558.32710802 13.65  54.169027  68.126327  5.041
 38     9.624 53558.32710866 13.92  54.165267  68.123287  5.041
 38     9.605 53558.32710930 13.77  54.161507  68.120247  5.041
 38    -0.018 53558.32710995 15.80  54.157747  68.117207  5.041
 38     0.051 53558.32711059 15.72  54.153987  68.114157  5.041
 38     0.075 53558.32711124 16.05  54.150237  68.111117  5.041
 38     0.083 53558.32711188 16.83  54.146475  68.108079  6.552
 38    -0.035 53558.32711253 17.83  54.142725  68.105029  6.552
 38    -0.201 53558.32711317 17.58  54.138965  68.101989  6.552
 38    -0.306 53558.32711382 18.40  54.135215  68.098949  6.552
 39     7.385 53593.32703556 20.42  54.230826  68.171911 13.726
 39     0.098 53593.32703621 24.50  54.227049  68.168869 12.244
 39     0.448 53593.32703685 23.52  54.223279  68.165829 12.244
 39    -0.281 53593.32703750 26.62  54.219509  68.162789 12.244
 39     5.596 53593.32703814 23.01  54.215739  68.159749 12.244
 39    -0.178 53593.32703878 24.16  54.211969  68.156709 12.244
 39    -0.314 53593.32703943 29.14  54.208199  68.153669 12.244
 39    -0.353 53593.32704007 26.37  54.204429  68.150629 12.244
 39    -0.448 53593.32704072 18.49  54.200659  68.147579 12.244
 39     8.891 53593.32704136 19.37  54.196899  68.144539 12.244
 39     8.653 53593.32704201 19.08  54.193129  68.141499 12.244
 39    -0.217 53593.32704265 26.11  54.189369  68.138459 12.244
 39     0.238 53593.32704330 21.53  54.185599  68.135419 12.244
 39    -2.372 53593.32704394 23.60  54.181839  68.132379 12.244
 39    -2.852 53593.32704459 27.88  54.178079  68.129329 12.244
 39    -0.683 53593.32704523 28.32  54.174319  68.126289 12.244
 39    -0.493 53593.32704588 26.09  54.170559  68.123249 12.244
 39    -0.600 53593.32704652 22.54  54.166799  68.120209 12.244
 39    -0.413 53593.32704717 23.25  54.163039  68.117159 12.244
 39    -0.446 53593.32704781 29.21  54.159289  68.114119 12.244
 39    -0.600 53593.32704845 30.24  54.155529  68.111079 12.244
 39    -0.604 53593.32704910 27.96  54.151774  68.108037 14.538
 39    -0.612 53593.32704974 27.31  54.148014  68.104997 14.538
 39    -0.738 53593.32705039 27.48  54.144264  68.101947 14.538
 39    -0.884 53593.32705103 26.67  54.140514  68.098907 14.538
 40    -0.662 53628.32703907 23.49  54.176722  68.112035 12.766
 40    -0.668 53628.32703972 30.21  54.172962  68.108995 12.766
 40    -0.679 53628.32704036 36.78  54.169201  68.105947 25.231
 40    -0.531 53628.32704101 33.43  54.165441  68.102907 25.231
 40    -0.362 53628.32704423 29.44  54.146661  68.087697 25.231
 41     3.725 53663.32705379 25.16  54.223061  68.161116 16.360
 41     4.093 53663.32705702 19.28  54.204211  68.145906 16.360
 41     5.475 53663.32705766 15.66  54.200441  68.142866 16.360
 41     5.789 53663.32705831 17.10  54.196671  68.139826 16.360
 41     6.811 53663.32706024 17.55  54.185381  68.130706 16.360
 41     4.990 53663.32706088 18.55  54.181611  68.127666 16.360
 41     0.575 53663.32706153 28.63  54.177851  68.124616 16.360
 41     4.025 53663.32706282 17.97  54.170331  68.118536 16.360
 41     4.475 53663.32706346 15.24  54.166571  68.115496 16.360
 41     4.531 53663.32706411 15.13  54.162811  68.112446 16.360
 41     6.020 53663.32706540 15.99  54.155301  68.106361  5.571
 41     5.148 53663.32706604 16.56  54.151541  68.103321  5.571
 41     7.214 53663.32706669 16.20  54.147781  68.100281  5.571
 41     0.616 53663.32706733 18.43  54.144031  68.097241  5.571
 41     8.521 53663.32706798 16.15  54.140281  68.094201  5.571
 42     0.734 53698.32701345 37.82  54.228923  68.171806 13.471
 42     0.830 53698.32701410 40.69  54.225143  68.168756 13.471
 42     0.673 53698.32701474 36.62  54.221372  68.165716 41.867
 42     0.612 53698.32701539 38.57  54.217602  68.162676 41.867
 42     0.719 53698.32701603 40.10  54.213832  68.159636 41.867
 42     0.808 53698.32701667 40.36  54.210062  68.156596 41.867
 42     0.742 53698.32701732 37.17  54.206292  68.153556 41.867
 42     0.691 53698.32701796 37.15  54.202522  68.150516 41.867
 42     0.754 53698.32701861 39.62  54.198752  68.147466 41.867
 42     0.837 53698.32701925 39.55  54.194982  68.144426 41.867
 42     0.696 53698.32701990 42.68  54.191222  68.141386 41.867
 42     0.789 53698.32702054 43.27  54.187452  68.138346 41.867
 42     0.837 53698.32702119 41.58  54.183692  68.135306 41.867
 42     0.842 53698.32702183 41.77  54.179922  68.132266 41.867
 42     0.809 53698.32702248 42.46  54.176162  68.129226 41.867
 42     0.805 53698.32702312 42.84  54.172402  68.126176 41.867
 42     0.865 53698.32702377 43.38  54.168642  68.123136 41.867
 42     0.868 53698.32702441 42.55  54.164882  68.120096 41.867
 42     0.755 53698.32702506 46.11  54.161122  68.117056 41.867
 42     0.746 53698.32702570 46.16  54.157372  68.114006 41.867
 42     0.838 53698.32702634 44.09  54.153612  68.110966 41.867
 42     0.753 53698.32702699 44.49  54.149852  68.107926 41.867
 42     0.692 53698.32702763 38.23  54.146104  68.104884 35.025
 42     0.688 53698.32702828 38.22  54.142344  68.101844 35.025
 42     0.687 53698.32702892 34.54  54.138594  68.098794 35.025
 43     0.825 53733.32693338 22.04  54.238591  68.184440  4.557
 43     0.853 53733.32693402 24.57  54.234811  68.181400  4.557
 43     0.824 53733.32693467 19.86  54.231041  68.178360  4.557
 43     0.706 53733.32693531 19.20  54.227261  68.175310  4.557
 43     0.731 53733.32693596 18.84  54.223491  68.172270  4.557
 43     0.639 53733.32693660 20.03  54.219721  68.169230  4.557
 43     0.653 53733.32693725 20.80  54.215946  68.166195 11.189
 43     0.534 53733.32693789 21.42  54.212176  68.163155 11.189
 43     0.391 53733.32693853 22.85  54.208406  68.160105 11.189
 43     0.503 53733.32693918 23.36  54.204636  68.157065 11.189
 43     0.435 53733.32693982 24.51  54.200866  68.154025 11.189
 43     0.548 53733.32694047 23.37  54.197096  68.150985 11.189
 43     0.585 53733.32694111 21.47  54.193336  68.147945 11.189
 43     0.554 53733.32694176 20.35  54.189566  68.144895 11.189
 43     0.557 53733.32694240 20.86  54.185806  68.141855 11.189
 43     0.538 53733.32694305 21.37  54.182036  68.138815 11.189
 43     0.459 53733.32694369 23.35  54.178276  68.135775 11.189
 43     0.444 53733.32694434 24.58  54.174516  68.132735 11.189
 43     0.316 53733.32694498 24.37  54.170746  68.129695 11.189
 43     0.367 53733.32694563 24.57  54.166986  68.126645 11.189
 43     0.167 53733.32694627 25.75  54.163236  68.123605 11.189
 43     0.177 53733.32694692 25.77  54.159476  68.120565 11.189
 43     0.300 53733.32694756 27.09  54.155716  68.117525 11.189
 43     0.389 53733.32694820 30.17  54.151956  68.114475 11.189
 43     0.459 53733.32694885 30.16  54.148206  68.111435 11.189
 43     0.436 53733.32694949 30.22  54.144446  68.108395 11.189
 43     0.310 53733.32695014 29.27  54.140694  68.105350 11.354
 43     0.138 53733.32695078 29.22  54.136944  68.102310 11.354
 44     3.321 53768.32692712 11.58  54.178392  68.115965  2.586
 44     4.806 53768.32692776 11.45  54.174632  68.112925  2.586
 44     4.780 53768.32692841 11.77  54.170872  68.109885  2.586
 44     4.750 53768.32692905 12.18  54.167112  68.106835  2.586
 44     7.605 53768.32693227 11.50  54.148339  68.091628  2.654
 44     8.346 53768.32693292 10.84  54.144589  68.088588  2.654
 45     5.714 53803.32691324  9.63  54.230050  68.173466  2.187
 45     4.336 53803.32691389  9.74  54.226270  68.170426  2.187
 45     4.974 53803.32691453  9.84  54.222501  68.167384  2.964
 45     5.197 53803.32691517  9.73  54.218731  68.164344  2.964
 45     4.462 53803.32691582 10.06  54.214961  68.161304  2.964
 45     3.567 53803.32691646  9.60  54.211191  68.158264  2.964
 45     2.502 53803.32691711  9.96  54.207421  68.155224  2.964
 45     2.385 53803.32691775 10.04  54.203651  68.152184  2.964
 45     0.052 53803.32691840 10.49  54.199881  68.149144  2.964
 45    -0.371 53803.32691904 10.42  54.196111  68.146094  2.964
 45    -0.604 53803.32691969 10.77  54.192351  68.143054  2.964
 45    -0.662 53803.32692033 11.00  54.188581  68.140014  2.964
 45    -0.554 53803.32692098 11.01  54.184821  68.136974  2.964
 45    -0.496 53803.32692162 11.19  54.181051  68.133934  2.964
 45    -0.538 53803.32692227 11.23  54.177291  68.130894  2.964
 45    -0.738 53803.32692291 11.43  54.173531  68.127844  2.964
 45    -0.502 53803.32692356 12.45  54.169771  68.124804  2.964
 45    -0.544 53803.32692420 12.12  54.166011  68.121764  2.964
 45    -0.313 53803.32692484 12.12  54.162251  68.118724  2.964
 45    -0.179 53803.32692549 12.70  54.158501  68.115674  2.964
 45    -0.261 53803.32692613 13.12  54.154741  68.112634  2.964
 45    -0.108 53803.32692678 13.80  54.150981  68.109594  2.964
 45    -0.360 53803.32692742 14.16  54.147225  68.106551  3.480
 45    -0.414 53803.32692807 14.08  54.143475  68.103511  3.480
 45    -0.473 53803.32692871 15.40  54.139725  68.100461  3.480
 46     3.676 53838.32694077  9.81  54.180129  68.114530  2.671
 46     4.870 53838.32694142 10.35  54.176369  68.111490  2.671
 46     4.801 53838.32694206 10.05  54.172609  68.108450  2.671
 46     0.099 53838.32694270 11.51  54.168859  68.105400  2.671
 46     0.220 53838.32694335 11.85  54.165095  68.102358  3.632
 46     0.057 53838.32694657 11.09  54.146325  68.087148  3.632
 47     0.921 53873.32698955 34.18  54.174365  68.118231 25.427
 47     0.367 53873.32699019 23.16  54.170605  68.115191 25.427
 47     0.576 53873.32699084 31.61  54.166845  68.112141 25.427
 47     0.431 53873.32699342 35.06  54.151814  68.099975 43.892
 47     0.374 53873.32699406 34.33  54.148064  68.096935 43.892
 47     0.393 53873.32699470 34.00  54.144314  68.093895 43.892
 48     0.347 53908.32702295 24.24  54.224278  68.162106 11.697
 48     6.033 53908.32702359 20.56  54.220498  68.159066 11.697
 48     0.036 53908.32702617 25.88  54.205418  68.146906 11.697
 48     9.523 53908.32702682 16.82  54.201648  68.143856 11.697
 48     9.309 53908.32702746 15.68  54.197878  68.140816 11.697
 48     6.847 53908.32702939 16.98  54.186578  68.131696 11.697
 48     7.157 53908.32703004 16.60  54.182818  68.128656 11.697
 48     5.066 53908.32703068 19.37  54.179048  68.125606 11.697
 48     4.783 53908.32703197 15.65  54.171528  68.119526 11.697
 48     4.302 53908.32703262 15.56  54.167768  68.116486 11.697
 48     0.273 53908.32703326 16.82  54.164008  68.113446 11.697
 48     0.265 53908.32703391 16.40  54.160248  68.110396 11.697
 48    -0.110 53908.32703520 18.69  54.152733  68.104319  6.635
 48     0.183 53908.32703584 17.05  54.148983  68.101269  6.635
 48     0.343 53908.32703649 19.04  54.145223  68.098229  6.635
 48     0.306 53908.32703713 17.53  54.141473  68.095189  6.635
 49     7.626 53943.32704543 19.73  54.227593  68.173867 16.069
 49     7.346 53943.32704607 19.17  54.223813  68.170827 16.069
 49     7.265 53943.32704672 18.37  54.220043  68.167787 16.069
 49     6.345 53943.32704736 21.01  54.216267  68.164737  8.572
 49     6.672 53943.32704801 19.51  54.212497  68.161697  8.572
 49     5.724 53943.32704865 20.62  54.208717  68.158657  8.572
 49     0.104 53943.32704930 22.74  54.204947  68.155617  8.572
 49     0.101 53943.32704994 22.44  54.201177  68.152577  8.572
 49     9.336 53943.32705059 18.28  54.197407  68.149537  8.572
 49     9.392 53943.32705123 15.91  54.193637  68.146497  8.572
 49     9.356 53943.32705187 16.88  54.189867  68.143447  8.572
 49     8.978 53943.32705252 18.25  54.186107  68.140407  8.572
 49     8.561 53943.32705316 18.80  54.182337  68.137367  8.572
 49     8.492 53943.32705381 20.11  54.178577  68.134327  8.572
 49    -1.704 53943.32705445 23.86  54.174807  68.131287  8.572
 49    -1.965 53943.32705510 28.60  54.171047  68.128247  8.572
 49    -1.199 53943.32705574 30.13  54.167287  68.125197  8.572
 49    -0.481 53943.32705639 26.21  54.163527  68.122157  8.572
 49    -0.359 53943.32705703 26.47  54.159767  68.119117  8.572
 49    -0.186 53943.32705768 26.38  54.156007  68.116077  8.572
 49    -0.160 53943.32705832 26.49  54.152247  68.113037  8.572
 49    -0.281 53943.32705897 25.16  54.148487  68.109987  8.572
 49    -0.255 53943.32705961 24.76  54.144737  68.106947  8.572
 49    -0.386 53943.32706026 23.41  54.140974  68.103907  6.641
 49    -0.486 53943.32706090 21.72  54.137224  68.100857  6.641
 50     6.371 53978.32699458 22.05  54.236771  68.184699 16.864
 50     0.410 53978.32699523 25.79  54.232991  68.181659 16.864
 50     0.648 53978.32699587 21.64  54.229221  68.178619 16.864
 50     6.768 53978.32699652 16.77  54.225441  68.175579 16.864
 50     7.231 53978.32699716 15.15  54.221671  68.172539 16.864
 50     6.739 53978.32699780 15.54  54.217891  68.169489 16.864
 50    -0.010 53978.32699845 18.24  54.214121  68.166449 16.864
 50    -0.196 53978.32699909 19.44  54.210349  68.163414  5.912
 50     5.118 53978.32699974 17.62  54.206579  68.160364  5.912
 50    -0.238 53978.32700038 18.43  54.202809  68.157324  5.912
 50    -0.207 53978.32700103 20.31  54.199039  68.154284  5.912
 50    -0.252 53978.32700167 17.77  54.195269  68.151244  5.912
 50     8.697 53978.32700232 15.06  54.191499  68.148204  5.912
 50     3.909 53978.32700296 15.19  54.187739  68.145164  5.912
 50     8.247 53978.32700361 15.83  54.183969  68.142114  5.912
 50     7.529 53978.32700425 15.45  54.180209  68.139074  5.912
 50     4.470 53978.32700490 15.59  54.176439  68.136034  5.912
 50    -0.157 53978.32700554 17.42  54.172679  68.132994  5.912
 50    -0.209 53978.32700619 17.52  54.168919  68.129954  5.912
 50    -0.296 53978.32700683 18.32  54.165159  68.126914  5.912
 50    -0.565 53978.32700747 20.03  54.161399  68.123864  5.912
 50    -0.634 53978.32700812 21.36  54.157639  68.120824  5.912
 50    -0.647 53978.32700876 22.90  54.153879  68.117784  5.912
 50    -0.373 53978.32700941 21.76  54.150119  68.114744  5.912
 50    -0.276 53978.32701005 22.03  54.146369  68.111694  5.912
 50    -0.157 53978.32701070 20.99  54.142609  68.108654  5.912
 50    -0.163 53978.32701134 19.41  54.138859  68.105614  5.912
 50    -0.229 53978.32701199 20.26  54.135101  68.102569  5.305
 51    -0.367 54013.32701950 22.92  54.180361  68.109825 23.748
 51    -0.294 54013.32702014 26.39  54.176601  68.106785 23.748
 51    -0.184 54013.32702079 30.51  54.172851  68.103745 23.748
 51    -0.145 54013.32702143 33.35  54.169085  68.100694 32.829
 51    -0.239 54013.32702208 32.05  54.165335  68.097654 32.829
 52     0.039 54048.32702670 22.18  54.177077  68.116944 17.966
 52    -0.147 54048.32702734 22.77  54.173317  68.113904 17.966
 52     0.065 54048.32702799 26.27  54.169567  68.110864 17.966
 52     0.206 54048.32702863 33.07  54.165807  68.107814 17.966
 52     0.247 54048.32703056 26.60  54.154538  68.098695 21.141
 52    -0.051 54048.32703121 24.48  54.150788  68.095645 21.141
 52     0.003 54048.32703185 25.06  54.147028  68.092605 21.141
 52     0.152 54048.32703250 35.52  54.143278  68.089565 21.141
 54     4.027 54118.32693419 12.46  54.240193  68.191937  2.692
 54     3.093 54118.32693484 13.18  54.236413  68.188897  2.692
 54     3.455 54118.32693548 13.05  54.232633  68.185857  2.692
 54     0.116 54118.32693613 13.43  54.228863  68.182817  2.692
 54     0.011 54118.32693677 14.53  54.225083  68.179777  2.692
 54     4.057 54118.32693742 14.43  54.221313  68.176727  2.692
 54    -0.180 54118.32693806 14.59  54.217533  68.173687  2.692
 54    -0.139 54118.32693871 14.57  54.213763  68.170647  2.692
 54     2.451 54118.32693935 14.46  54.209993  68.167607  2.692
 54    -0.111 54118.32694000 14.95  54.206217  68.164568  3.632
 54    -0.236 54118.32694064 15.19  54.202447  68.161528  3.632
 54    -0.087 54118.32694129 15.20  54.198677  68.158488  3.632
 54    -0.242 54118.32694193 15.69  54.194907  68.155438  3.632
 54    -0.333 54118.32694258 16.13  54.191137  68.152398  3.632
 54    -0.182 54118.32694322 14.76  54.187377  68.149358  3.632
 54    -0.151 54118.32694386 14.80  54.183607  68.146318  3.632
 54    -0.151 54118.32694451 14.86  54.179847  68.143278  3.632
 54    -0.176 54118.32694515 14.83  54.176077  68.140228  3.632
 54    -0.156 54118.32694580 14.62  54.172317  68.137188  3.632
 54    -0.260 54118.32694644 15.40  54.168557  68.134148  3.632
 54    -0.139 54118.32694709 15.08  54.164797  68.131108  3.632
 54    -0.168 54118.32694773 15.28  54.161037  68.128068  3.632
 54    -0.170 54118.32694838 15.20  54.157277  68.125018  3.632
 54    -0.138 54118.32694902 15.38  54.153517  68.121978  3.632
 54    -0.163 54118.32694967 15.39  54.149757  68.118938  3.632
 54    -0.072 54118.32695031 15.03  54.146007  68.115888  3.632
 54     0.021 54118.32695096 14.88  54.142247  68.112848  3.632
 54     0.126 54118.32695160 14.82  54.138497  68.109808  3.632
 54     0.019 54118.32695225 15.48  54.134737  68.106768  3.632
 54    -0.018 54118.32695289 15.36  54.130984  68.103719  3.753
 55     6.166 54153.32696260 10.62  54.231670  68.169354  2.289
 55     3.638 54153.32696389 11.27  54.224121  68.163266  3.148
 55     3.090 54153.32696454 11.14  54.220341  68.160226  3.148
 55     0.317 54153.32696647 11.46  54.209031  68.151106  3.148
 55    -0.766 54153.32696711 11.85  54.205261  68.148066  3.148
 55    -0.710 54153.32696776 11.92  54.201491  68.145016  3.148
 55    -0.711 54153.32696840 11.42  54.197721  68.141976  3.148
 55    -0.659 54153.32696905 11.81  54.193961  68.138936  3.148
 55    -0.468 54153.32697034 11.65  54.186431  68.132856  3.148
 55    -0.482 54153.32697098 11.43  54.182661  68.129816  3.148
 55    -0.683 54153.32697163 12.17  54.178901  68.126766  3.148
 55     1.016 54153.32697292 11.45  54.171381  68.120686  3.148
 55     1.177 54153.32697356 11.69  54.167621  68.117646  3.148
 55     0.872 54153.32697421 12.17  54.163861  68.114606  3.148
 55    -0.448 54153.32697485 12.53  54.160101  68.111556  3.148
 55    -0.198 54153.32697614 11.96  54.152591  68.105476  3.148
 55    -0.032 54153.32697678 11.98  54.148835  68.102436  3.240
 55     0.137 54153.32697743 11.14  54.145075  68.099386  3.240
 55    -0.322 54153.32697807 11.73  54.141325  68.096346  3.240
 57     2.145 54223.32698374 13.83  54.171242  68.115849 12.263
 57     1.662 54223.32698439 14.67  54.167482  68.112809 12.263
 57     0.243 54223.32698503 15.20  54.163722  68.109769 12.263
 57     0.055 54223.32698696 25.28  54.152452  68.100639 12.263
 57     0.180 54223.32698761 26.20  54.148692  68.097599 12.263
 57     0.152 54223.32698825 26.64  54.144942  68.094559 12.263
 57     0.094 54223.32698890 23.90  54.141192  68.091509 12.263
 58     0.970 54258.32699435 47.82  54.231334  68.168320 40.688
 58     0.811 54258.32699564 45.62  54.223784  68.162240 40.688
 58     0.974 54258.32699628 34.06  54.220014  68.159200 40.688
 58     1.144 54258.32699886 38.21  54.204924  68.147030 40.688
 58     1.051 54258.32699950 43.89  54.201164  68.143990 40.688
 58     0.942 54258.32700015 47.34  54.197394  68.140950 40.688
 58     1.001 54258.32700208 49.27  54.186094  68.131820 40.688
 58     0.988 54258.32700273 52.36  54.182334  68.128780 40.688
 58     1.007 54258.32700337 52.45  54.178574  68.125740 40.688
 58     1.147 54258.32700466 51.79  54.171044  68.119650 40.688
 58     1.143 54258.32700531 52.16  54.167294  68.116610 40.688
 58     1.043 54258.32700595 52.73  54.163529  68.113565 50.045
 58     1.110 54258.32700660 52.08  54.159769  68.110525 50.045
 58     1.137 54258.32700724 53.46  54.156019  68.107485 50.045
 58     1.024 54258.32700788 53.83  54.152259  68.104445 50.045
 58     1.069 54258.32700853 49.12  54.148509  68.101395 50.045
 58     1.159 54258.32700917 52.14  54.144749  68.098355 50.045
 58     1.133 54258.32700982 52.35  54.140999  68.095315 50.045
 59    -0.049 54293.32699869 47.94  54.224726  68.161392 13.808
 59    -0.347 54293.32700256 23.73  54.202106  68.143152 13.808
 59    -0.348 54293.32700321 23.92  54.198336  68.140112 13.808
 59    -0.305 54293.32700514 25.33  54.187046  68.130982 13.808
 59     0.701 54293.32700578 25.50  54.183276  68.127942 13.808
 59     0.062 54293.32700643 28.94  54.179516  68.124902 13.808
 59    -0.234 54293.32700772 29.65  54.171996  68.118812 13.808
 59    -0.238 54293.32700836 28.94  54.168238  68.115770 40.372
 59    -0.072 54293.32700901 31.76  54.164478  68.112730 40.372
 59    -0.037 54293.32701094 46.74  54.153208  68.103600 40.372
 59     0.070 54293.32701159 45.93  54.149448  68.100560 40.372
 59     0.037 54293.32701223 45.72  54.145698  68.097520 40.372
 59    -0.041 54293.32701288 47.73  54.141948  68.094480 40.372
 60     7.820 54328.32699204 21.14  54.230263  68.170221  9.705
 60     7.328 54328.32699268 23.67  54.226493  68.167181  9.705
 60     0.195 54328.32699333 27.90  54.222723  68.164141  9.705
 60     6.999 54328.32699397 19.16  54.218943  68.161101  9.705
 60     5.659 54328.32699462 24.38  54.215173  68.158051  9.705
 60     0.043 54328.32699526 23.89  54.211403  68.155011  9.705
 60     0.017 54328.32699591 27.61  54.207633  68.151971  9.705
 60     8.905 54328.32699655 22.34  54.203863  68.148931  9.705
 60     9.194 54328.32699720 19.58  54.200103  68.145891  9.705
 60     9.318 54328.32699784 17.45  54.196333  68.142851  9.705
 60     9.193 54328.32699849 17.02  54.192563  68.139811  9.705
 60     8.541 54328.32699978 18.90  54.185043  68.133721  9.705
 60    -2.563 54328.32700042 21.98  54.181273  68.130681  9.705
 60    -2.786 54328.32700107 23.51  54.177513  68.127641  9.705
 60     4.005 54328.32700171 21.79  54.173753  68.124601  9.705
 60    10.112 54328.32700235 17.42  54.169993  68.121551  9.705
 60     9.848 54328.32700300 16.57  54.166233  68.118511  9.705
 60    -0.001 54328.32700364 17.14  54.162475  68.115475  6.626
 60    -0.067 54328.32700429 17.72  54.158715  68.112425  6.626
 60    -0.083 54328.32700493 23.43  54.154955  68.109385  6.626
 60    -0.057 54328.32700558 25.07  54.151205  68.106345  6.626
 60    -0.311 54328.32700622 20.16  54.147445  68.103295  6.626
 60    -0.335 54328.32700687 18.33  54.143695  68.100255  6.626
 60    -0.411 54328.32700751 19.25  54.139945  68.097215  6.626
 61     9.146 54363.32693642 18.05  54.239156  68.188824 12.815
 61     8.493 54363.32693707 15.93  54.235376  68.185774 12.815
 61     6.225 54363.32693771 20.36  54.231596  68.182734 12.815
 61     7.897 54363.32693836 15.47  54.227826  68.179694 12.815
 61     6.662 54363.32693900 14.14  54.224048  68.176652  5.789
 61     6.843 54363.32693965 14.50  54.220278  68.173612  5.789
 61     6.687 54363.32694029 13.95  54.216498  68.170572  5.789
 61     6.253 54363.32694094 14.63  54.212728  68.167532  5.789
 61     4.628 54363.32694158 17.52  54.208958  68.164492  5.789
 61    -0.536 54363.32694223 18.19  54.205188  68.161452  5.789
 61    -0.634 54363.32694287 21.72  54.201418  68.158412  5.789
 61    -0.428 54363.32694351 18.86  54.197648  68.155362  5.789
 61    -0.297 54363.32694416 16.80  54.193878  68.152322  5.789
 61     8.029 54363.32694480 16.21  54.190108  68.149282  5.789
 61     8.491 54363.32694545 14.68  54.186348  68.146242  5.789
 61     8.316 54363.32694609 14.49  54.182578  68.143202  5.789
 61     8.104 54363.32694674 13.21  54.178818  68.140162  5.789
 61     7.652 54363.32694738 13.12  54.175058  68.137112  5.789
 61     6.887 54363.32694803 13.28  54.171288  68.134072  5.789
 61     6.213 54363.32694867 13.14  54.167528  68.131032  5.789
 61    -0.251 54363.32694932 15.50  54.163768  68.127992  5.789
 61     2.986 54363.32694996 16.56  54.160008  68.124942  5.789
 61    -0.839 54363.32695061 19.69  54.156248  68.121902  5.789
 61    -0.620 54363.32695125 20.34  54.152498  68.118862  5.789
 61    -0.484 54363.32695190 20.17  54.148734  68.115820  6.537
 61    -0.340 54363.32695254 20.94  54.144984  68.112780  6.537
 61    -0.272 54363.32695319 21.93  54.141224  68.109730  6.537
 61    -0.300 54363.32695383 19.80  54.137474  68.106690  6.537
 61    -0.078 54363.32695447 18.92  54.133714  68.103650  6.537
 62    10.707 54398.32694301 20.84  54.173327  68.117283  6.621
 62    13.818 54398.32694365 14.57  54.169567  68.114243  6.621
 62    16.717 54398.32694430 14.68  54.165807  68.111203  6.621
 62    13.039 54398.32694623 16.13  54.154537  68.102073  6.621
 62    12.518 54398.32694688 16.99  54.150777  68.099033  6.621
 62    11.979 54398.32694752 16.90  54.147027  68.095993  6.621
 62    12.030 54398.32694817 16.31  54.143277  68.092943  6.621
 63    -0.045 54433.32688947 21.56  54.227570  68.174084  4.940
 63    -0.127 54433.32689011 22.06  54.223790  68.171044  4.940
 63    -0.065 54433.32689076 22.39  54.220020  68.168004  4.940
 63    -0.155 54433.32689140 23.43  54.216240  68.164964  4.940
 63    -0.176 54433.32689205 23.19  54.212470  68.161914  4.940
 63    -0.140 54433.32689269 22.53  54.208700  68.158874  4.940
 63    -0.230 54433.32689333 22.60  54.204930  68.155834  4.940
 63    -0.147 54433.32689398 21.50  54.201160  68.152794  4.940
 63    -0.195 54433.32689462 21.11  54.197400  68.149754  4.940
 63    -0.078 54433.32689527 21.29  54.193630  68.146714  4.940
 63    -0.127 54433.32689591 21.29  54.189860  68.143674  4.940
 63    -0.112 54433.32689656 21.69  54.186100  68.140624  4.940
 63    -0.059 54433.32689720 21.51  54.182330  68.137584  4.940
 63    -0.050 54433.32689785 21.14  54.178570  68.134544  4.940
 63     0.004 54433.32689849 21.49  54.174810  68.131504  4.940
 63    -0.068 54433.32689914 22.18  54.171050  68.128464  4.940
 63    -0.101 54433.32689978 22.72  54.167290  68.125414  4.940
 63    -0.078 54433.32690043 23.08  54.163530  68.122374  4.940
 63    -0.076 54433.32690107 23.97  54.159769  68.119337  6.769
 63    -0.179 54433.32690172 25.15  54.156009  68.116287  6.769
 63    -0.156 54433.32690236 24.47  54.152259  68.113247  6.769
 63    -0.146 54433.32690301 24.45  54.148499  68.110207  6.769
 63    -0.222 54433.32690365 25.28  54.144739  68.107167  6.769
 63    -0.096 54433.32690429 24.41  54.140989  68.104117  6.769
 63    -0.111 54433.32690494 24.62  54.137239  68.101077  6.769
 64     4.306 54468.32692600 13.08  54.175748  68.114028  3.146
 64     4.782 54468.32692664 13.44  54.171998  68.110988  3.146
 64     5.507 54468.32692729 14.04  54.168238  68.107948  3.146
 64     4.776 54468.32693116 14.06  54.145708  68.089688  3.146
 65     4.487 54503.32690530 11.79  54.229249  68.173928  2.737
 65     4.712 54503.32690594 11.82  54.225479  68.170888  2.737
 65     4.665 54503.32690658 11.35  54.221699  68.167848  2.737
 65     4.122 54503.32690723 11.49  54.217929  68.164808  2.737
 65     2.558 54503.32690787 11.74  54.214159  68.161768  2.737
 65     2.565 54503.32690852 11.83  54.210389  68.158728  2.737
 65     1.312 54503.32690916 12.08  54.206619  68.155688  2.737
 65     1.029 54503.32690981 11.76  54.202849  68.152638  2.737
 65    -0.117 54503.32691045 11.78  54.199079  68.149598  2.737
 65    -0.332 54503.32691110 11.67  54.195309  68.146558  2.737
 65    -0.273 54503.32691174 11.69  54.191549  68.143518  2.737
 65    -0.409 54503.32691239 11.74  54.187779  68.140478  2.737
 65    -0.295 54503.32691303 11.93  54.184019  68.137438  2.737
 65    -0.188 54503.32691368 12.04  54.180249  68.134388  2.737
 65    -0.253 54503.32691432 12.02  54.176489  68.131348  2.737
 65    -0.363 54503.32691497 12.15  54.172729  68.128308  2.737
 65    -0.338 54503.32691561 13.01  54.168969  68.125268  2.737
 65    -0.388 54503.32691626 13.48  54.165209  68.122228  2.737
 65    -0.204 54503.32691690 13.66  54.161449  68.119178  2.737
 65    -0.196 54503.32691754 13.07  54.157689  68.116138  2.737
 65    -0.245 54503.32691819 13.44  54.153939  68.113100  3.178
 65    -0.313 54503.32691883 13.48  54.150179  68.110050  3.178
 65     1.258 54503.32691948 13.04  54.146419  68.107010  3.178
 65    -0.287 54503.32692012 13.46  54.142669  68.103970  3.178
 65     0.039 54503.32692077 12.66  54.138919  68.100930  3.178
 66     3.397 54538.32693189  9.17  54.222507  68.160973  2.595
 66     1.885 54538.32693447  8.98  54.207422  68.148816  3.088
 66    -0.314 54538.32693512  9.20  54.203652  68.145766  3.088
 66    -0.559 54538.32693576  9.43  54.199892  68.142726  3.088
 66     3.926 54538.32693641  8.74  54.196122  68.139686  3.088
 66    -0.434 54538.32693834  9.92  54.184832  68.130566  3.088
 66     2.313 54538.32693898  9.68  54.181062  68.127516  3.088
 66     2.202 54538.32693963  9.76  54.177302  68.124476  3.088
 66     0.154 54538.32694092 10.60  54.169782  68.118396  3.088
 66     0.761 54538.32694156 10.66  54.166022  68.115356  3.088
 66     0.025 54538.32694221 10.41  54.162262  68.112306  3.088
 66    -0.287 54538.32694350 10.55  54.154752  68.106226  3.088
 66    -0.241 54538.32694414 10.62  54.150992  68.103186  3.088
 66    -0.161 54538.32694479 10.46  54.147242  68.100136  3.088
 66    -0.365 54538.32694543 10.63  54.143492  68.097096  3.088
 66    -0.502 54538.32694608 10.60  54.139732  68.094056  3.088
 67     9.191 54573.32690402  6.72  54.238841  68.184386  2.569
 67     8.461 54573.32690467  7.04  54.235061  68.181346  2.569
 67     5.408 54573.32690531  6.94  54.231281  68.178306  2.569
 67     6.644 54573.32690595  7.17  54.227511  68.175266  2.569
 67     5.440 54573.32690660  6.99  54.223731  68.172226  2.569
 67     5.440 54573.32690724  6.88  54.219961  68.169186  2.569
 67     5.065 54573.32690789  6.99  54.216191  68.166146  2.569
 67     5.183 54573.32690853  7.29  54.212411  68.163106  2.569
 67     4.478 54573.32690918  7.40  54.208641  68.160056  2.569
 67     3.134 54573.32690982  7.74  54.204871  68.157016  2.569
 67     2.495 54573.32691047  7.76  54.201101  68.153976  2.569
 67     2.254 54573.32691111  7.72  54.197341  68.150936  2.569
 67     1.265 54573.32691176  7.79  54.193571  68.147896  2.569
 67     1.844 54573.32691240  7.70  54.189801  68.144856  2.569
 67    -0.248 54573.32691305  7.79  54.186034  68.141808  3.276
 67    -0.379 54573.32691369  8.99  54.182274  68.138768  3.276
 67    -0.102 54573.32691434  8.49  54.178514  68.135728  3.276
 67     3.446 54573.32691498  8.46  54.174744  68.132688  3.276
 67    -0.085 54573.32691562  8.75  54.170984  68.129638  3.276
 67    -0.264 54573.32691627  8.66  54.167224  68.126598  3.276
 67     1.202 54573.32691691  9.46  54.163464  68.123558  3.276
 67    -0.307 54573.32691756  9.67  54.159704  68.120518  3.276
 67    -0.030 54573.32691820  9.18  54.155954  68.117468  3.276
 67    -0.228 54573.32691885 10.05  54.152194  68.114428  3.276
 67    -0.104 54573.32691949 10.05  54.148434  68.111388  3.276
 67     0.479 54573.32692014  9.21  54.144684  68.108348  3.276
 67    -0.001 54573.32692078  9.91  54.140924  68.105298  3.276
 67    -0.055 54573.32692143  9.93  54.137174  68.102258  3.276
 68     2.722 54608.32692492 13.96  54.222366  68.160559  7.609
 68    -0.184 54608.32692814 13.12  54.203506  68.145351  4.600
 68     8.718 54608.32692879 11.75  54.199746  68.142311  4.600
 68     8.817 54608.32692943 11.11  54.195976  68.139261  4.600
 68     6.787 54608.32693136 12.36  54.184686  68.130141  4.600
 68     7.187 54608.32693201 12.50  54.180916  68.127101  4.600
 68     6.370 54608.32693394 12.43  54.169636  68.117971  4.600
 68     0.560 54608.32693459 12.66  54.165876  68.114931  4.600
 68    -0.229 54608.32693523 13.81  54.162116  68.111891  4.600
 68    -0.221 54608.32693652 14.38  54.154606  68.105801  4.600
 68    -0.175 54608.32693717 14.02  54.150846  68.102761  4.600
 68    -0.037 54608.32693781 14.31  54.147096  68.099721  4.600
 68    -0.182 54608.32693846 13.88  54.143336  68.096671  4.600
 68    -0.221 54608.32693910 13.69  54.139586  68.093631  4.600
 69     7.131 54643.32693143 23.12  54.230511  68.170377 16.565
 69     0.715 54643.32693208 26.79  54.226731  68.167337 16.565
 69     0.589 54643.32693272 25.46  54.222961  68.164297 16.565
 69     5.730 54643.32693337 19.54  54.219191  68.161257 16.565
 69     5.998 54643.32693401 21.13  54.215421  68.158207 16.565
 69     0.654 54643.32693466 26.47  54.211641  68.155167 16.565
 69     0.540 54643.32693530 30.58  54.207881  68.152127 16.565
 69     0.470 54643.32693595 24.95  54.204111  68.149087 16.565
 69     9.185 54643.32693659 17.58  54.200339  68.146049  4.189
 69     9.417 54643.32693724 14.25  54.196569  68.143009  4.189
 69     9.221 54643.32693788 15.37  54.192809  68.139959  4.189
 69     8.801 54643.32693917 15.29  54.185279  68.133879  4.189
 69     8.805 54643.32693981 14.50  54.181509  68.130839  4.189
 69     7.049 54643.32694046 15.32  54.177749  68.127799  4.189
 69     9.770 54643.32694110 16.19  54.173989  68.124749  4.189
 69     9.471 54643.32694175 16.14  54.170229  68.121709  4.189
 69     9.600 54643.32694239 15.42  54.166469  68.118669  4.189
 69     1.201 54643.32694304 16.02  54.162709  68.115629  4.189
 69     0.682 54643.32694368 16.52  54.158949  68.112589  4.189
 69     0.148 54643.32694433 18.58  54.155199  68.109539  4.189
 69     0.140 54643.32694497 17.57  54.151439  68.106499  4.189
 69     0.187 54643.32694562 17.90  54.147679  68.103459  4.189
 69     0.350 54643.32694626 17.49  54.143929  68.100419  4.189
 69     0.224 54643.32694691 18.08  54.140179  68.097369  4.189
 70     7.376 54678.32693341 18.79  54.230222  68.168632 13.999
 70     5.285 54678.32693470 18.94  54.222672  68.162552 13.999
 70     5.478 54678.32693534 20.21  54.218902  68.159502 13.999
 70    -0.020 54678.32693663 24.93  54.211362  68.153422 13.999
 70    -0.081 54678.32693728 23.87  54.207592  68.150382 13.999
 70    -0.319 54678.32693792 20.70  54.203822  68.147342 13.999
 70    -0.631 54678.32693856 18.75  54.200051  68.144302 18.469
 70     8.915 54678.32693921 16.55  54.196281  68.141262 18.469
 70     8.390 54678.32693985 17.12  54.192521  68.138212 18.469
 70     0.318 54678.32694114 19.81  54.184991  68.132132 18.469
 70    -3.724 54678.32694179 24.57  54.181221  68.129092 18.469
 70    -0.369 54678.32694243 25.07  54.177461  68.126052 18.469
 70    -1.070 54678.32694372 25.60  54.169941  68.119962 18.469
 70    -0.792 54678.32694437 25.81  54.166181  68.116922 18.469
 70    -0.476 54678.32694501 26.63  54.162421  68.113882 18.469
 70    -0.404 54678.32694566 32.97  54.158661  68.110842 18.469
 70    -0.409 54678.32694630 32.17  54.154911  68.107792 18.469
 70    -0.408 54678.32694695 26.84  54.151151  68.104752 18.469
 70    -0.618 54678.32694759 27.53  54.147401  68.101712 18.469
 70    -0.469 54678.32694823 25.17  54.143641  68.098672 18.469
 70    -0.640 54678.32694888 27.59  54.139891  68.095622 18.469
 71     8.094 54713.32688286 21.76  54.239615  68.186309  8.270
 71     0.408 54713.32688351 25.73  54.235835  68.183269  8.270
 71     6.125 54713.32688415 23.78  54.232065  68.180229  8.270
 71     8.165 54713.32688480 17.25  54.228285  68.177189  8.270
 71     7.349 54713.32688544 18.64  54.224515  68.174149  8.270
 71     7.224 54713.32688609 17.61  54.220735  68.171109  8.270
 71     7.197 54713.32688673 16.32  54.216965  68.168069  8.270
 71     6.640 54713.32688737 17.51  54.213195  68.165029  8.270
 71     6.625 54713.32688802 16.77  54.209425  68.161989  8.270
 71     5.594 54713.32688866 18.42  54.205655  68.158939  8.270
 71    -0.202 54713.32688931 21.70  54.201885  68.155899  8.270
 71    -0.209 54713.32688995 20.41  54.198115  68.152859  8.270
 71     8.468 54713.32689060 18.66  54.194345  68.149819  8.270
 71     9.042 54713.32689124 14.68  54.190575  68.146779  8.270
 71     8.950 54713.32689189 14.31  54.186815  68.143729  8.270
 71     8.696 54713.32689253 14.75  54.183052  68.140690  4.733
 71     8.451 54713.32689318 15.40  54.179282  68.137650  4.733
 71     8.572 54713.32689382 13.40  54.175522  68.134610  4.733
 71     8.676 54713.32689447 14.39  54.171762  68.131570  4.733
 71     9.063 54713.32689511 13.66  54.168002  68.128520  4.733
 71     9.296 54713.32689576 14.01  54.164242  68.125480  4.733
 71     5.664 54713.32689640 15.41  54.160482  68.122440  4.733
 71     9.397 54713.32689705 14.98  54.156722  68.119400  4.733
 71     0.023 54713.32689769 16.20  54.152962  68.116350  4.733
 71    -0.185 54713.32689833 18.30  54.149212  68.113310  4.733
 71    -0.217 54713.32689898 18.77  54.145452  68.110270  4.733
 71    -0.065 54713.32689962 18.81  54.141702  68.107230  4.733
 71    -0.300 54713.32690027 20.40  54.137942  68.104180  4.733
 71    -0.210 54713.32690091 18.81  54.134192  68.101140  4.733
 72    12.400 54748.32691368 16.48  54.171395  68.116250 23.124
 72    12.926 54748.32691432 16.33  54.167635  68.113200 23.124
 72    12.803 54748.32691496 16.91  54.163879  68.110158  6.469
 72     0.063 54748.32691690 18.68  54.152609  68.101038  6.469
 72     0.075 54748.32691754 20.84  54.148849  68.097998  6.469
 72    10.472 54748.32691819 19.22  54.145099  68.094948  6.469
 72    10.602 54748.32691883 19.28  54.141349  68.091908  6.469
 73     0.304 54783.32687316 40.69  54.229737  68.171036 24.176
 73     0.175 54783.32687380 40.07  54.225967  68.167996 24.176
 73     0.322 54783.32687445 44.40  54.222187  68.164956 24.176
 73     0.310 54783.32687509 44.78  54.218417  68.161916 24.176
 73     0.345 54783.32687573 44.40  54.214647  68.158866 24.176
 73     0.311 54783.32687638 47.46  54.210877  68.155826 24.176
 73     0.286 54783.32687702 48.60  54.207107  68.152786 24.176
 73     0.297 54783.32687767 48.03  54.203337  68.149746 24.176
 73     0.360 54783.32687831 46.92  54.199571  68.146708 48.036
 73     0.211 54783.32687896 46.06  54.195801  68.143668 48.036
 73     0.372 54783.32687960 46.00  54.192031  68.140618 48.036
 73     0.314 54783.32688025 42.55  54.188271  68.137578 48.036
 73     0.265 54783.32688089 47.27  54.184511  68.134538 48.036
 73     0.236 54783.32688154 46.84  54.180741  68.131498 48.036
 73     0.221 54783.32688218 41.01  54.176981  68.128458 48.036
 73     0.258 54783.32688283 45.35  54.173221  68.125408 48.036
 73     0.290 54783.32688347 47.45  54.169461  68.122368 48.036
 73     0.350 54783.32688412 46.20  54.165701  68.119328 48.036
 73     0.356 54783.32688476 46.14  54.161941  68.116288 48.036
 73     0.352 54783.32688540 45.74  54.158181  68.113248 48.036
 73     0.324 54783.32688605 45.29  54.154431  68.110198 48.036
 73     0.217 54783.32688669 44.97  54.150671  68.107158 48.036
 73     0.255 54783.32688734 46.17  54.146921  68.104118 48.036
 73     0.341 54783.32688798 45.70  54.143161  68.101078 48.036
 73     0.376 54783.32688863 46.21  54.139411  68.098028 48.036
 74     0.006 54818.32690583 20.42  54.174913  68.117652  8.373
 74     0.048 54818.32690647 21.75  54.171153  68.114612  8.373
 74     0.123 54818.32690712 23.07  54.167393  68.111572  8.373
 74    -0.033 54818.32690970 28.27  54.152363  68.099402  8.373
 74    -0.024 54818.32691034 24.48  54.148613  68.096362  8.373
 74    -0.114 54818.32691099 23.71  54.144863  68.093312  8.373
 75     4.689 54853.32687030 12.37  54.228038  68.170515  2.427
 75     4.711 54853.32687095 11.83  54.224258  68.167475  2.427
 75     3.511 54853.32687159 12.73  54.220488  68.164435  2.427
 75    -0.559 54853.32687224 12.67  54.216718  68.161395  2.427
 75    -0.269 54853.32687288 12.49  54.212948  68.158355  2.427
 75     0.408 54853.32687353 13.03  54.209178  68.155305  2.427
 75    -0.479 54853.32687417 12.88  54.205408  68.152265  2.427
 75    -0.604 54853.32687482 13.23  54.201638  68.149225  2.427
 75    -0.619 54853.32687546 13.39  54.197868  68.146185  2.427
 75    -0.606 54853.32687610 13.08  54.194106  68.143144  3.238
 75    -0.782 54853.32687675 13.20  54.190336  68.140104  3.238
 75    -0.646 54853.32687739 13.34  54.186576  68.137054  3.238
 75    -0.493 54853.32687804 13.87  54.182806  68.134014  3.238
 75    -0.629 54853.32687868 13.90  54.179046  68.130974  3.238
 75    -0.348 54853.32687933 13.15  54.175286  68.127934  3.238
 75    -0.388 54853.32687997 13.70  54.171526  68.124894  3.238
 75    -0.611 54853.32688062 14.64  54.167766  68.121844  3.238
 75    -0.533 54853.32688126 14.75  54.164006  68.118804  3.238
 75    -0.213 54853.32688191 14.09  54.160246  68.115764  3.238
 75    -0.141 54853.32688255 13.95  54.156486  68.112724  3.238
 75    -0.014 54853.32688320 13.28  54.152726  68.109684  3.238
 75    -0.079 54853.32688384 13.66  54.148976  68.106634  3.238
 75    -0.090 54853.32688449 13.46  54.145216  68.103594  3.238
 75    -0.259 54853.32688513 13.10  54.141466  68.100554  3.238
 75    -0.204 54853.32688577 12.77  54.137716  68.097514  3.238
 76     5.304 54888.32689969  9.70  54.232464  68.170146  2.625
 76     5.388 54888.32690034  9.80  54.228684  68.167106  2.625
 76     3.918 54888.32690098 10.19  54.224914  68.164066  2.625
 76     3.293 54888.32690163 10.24  54.221144  68.161026  2.625
 76    -0.269 54888.32690356 12.33  54.209824  68.151896  2.625
 76    -0.361 54888.32690420 12.46  54.206056  68.148852  4.116
 76    -2.073 54888.32690485 15.01  54.202286  68.145812  4.116
 76    -1.667 54888.32690549 13.46  54.198526  68.142772  4.116
 76    -1.950 54888.32690614 14.97  54.194756  68.139732  4.116
 76    -1.329 54888.32690807 12.79  54.183466  68.130612  4.116
 76    -1.493 54888.32690872 13.42  54.179696  68.127562  4.116
 76    -1.429 54888.32690936 13.22  54.175936  68.124522  4.116
 76    -0.371 54888.32691065 12.81  54.168416  68.118442  4.116
 76    -0.522 54888.32691130 12.87  54.164656  68.115402  4.116
 76    -0.286 54888.32691194 12.73  54.160896  68.112362  4.116
 76     0.197 54888.32691323 12.15  54.153386  68.106272  4.116
 76     0.442 54888.32691387 11.92  54.149626  68.103232  4.116
 76     0.220 54888.32691452 12.14  54.145876  68.100182  4.116
 76     0.131 54888.32691516 12.06  54.142126  68.097142  4.116
 77    -0.201 54923.32686649  9.27  54.238677  68.190577  2.752
 77     3.328 54923.32686714  9.18  54.234897  68.187527  2.752
 77     3.009 54923.32686778  9.62  54.231117  68.184487  2.752
 77    -0.014 54923.32686843 10.03  54.227337  68.181447  2.752
 77    -0.077 54923.32686907 10.63  54.223567  68.178407  2.752
 77     0.107 54923.32686972 10.10  54.219787  68.175367  2.752
 77     2.772 54923.32687036  9.84  54.216017  68.172327  2.752
 77     2.610 54923.32687101 10.20  54.212247  68.169287  2.752
 77     2.417 54923.32687165 10.03  54.208467  68.166247  2.752
 77    -0.300 54923.32687230 10.88  54.204697  68.163197  2.752
 77    -0.237 54923.32687294 10.70  54.200927  68.160157  2.752
 77    -0.168 54923.32687358 11.03  54.197157  68.157117  2.752
 77    -0.342 54923.32687423 11.31  54.193387  68.154077  2.752
 77    -0.549 54923.32687487 11.55  54.189627  68.151037  2.752
 77    -0.493 54923.32687552 10.71  54.185857  68.147997  2.752
 77    -0.208 54923.32687616 10.06  54.182087  68.144949  2.818
 77    -0.364 54923.32687681 10.74  54.178327  68.141909  2.818
 77    -0.236 54923.32687745 10.37  54.174567  68.138869  2.818
 77    -0.236 54923.32687810 10.88  54.170797  68.135829  2.818
 77     0.006 54923.32687874 10.61  54.167037  68.132779  2.818
 77    -0.196 54923.32687939 10.59  54.163277  68.129739  2.818
 77    -0.386 54923.32688003 11.57  54.159517  68.126699  2.818
 77    -0.132 54923.32688068 10.49  54.155757  68.123659  2.818
 77    -0.150 54923.32688132 11.11  54.151997  68.120609  2.818
 77     0.066 54923.32688197 10.93  54.148247  68.117569  2.818
 77     0.328 54923.32688261 10.82  54.144487  68.114529  2.818
 77     0.472 54923.32688326 10.73  54.140737  68.111489  2.818
 77     0.627 54923.32688390 10.20  54.136977  68.108439  2.818
 77     0.396 54923.32688454 10.22  54.133227  68.105399  2.818
 78    12.693 54958.32690773  1.68  54.171317  68.115656  2.290
 78    12.928 54958.32690838  1.63  54.167557  68.112616  2.290
 78    11.678 54958.32690902  2.15  54.163797  68.109576  2.290
 78    11.613 54958.32691096  2.05  54.152527  68.100446  2.290
 78    12.006 54958.32691160  2.41  54.148777  68.097396  2.290
 78    11.382 54958.32691225  2.08  54.145017  68.094356  2.290
 78    10.867 54958.32691289  2.01  54.141267  68.091316  2.290
 79     0.900 54993.32691934 53.29  54.228551  68.168603 21.076
 79     1.082 54993.32692063 48.52  54.221001  68.162523 21.076
 79     1.088 54993.32692128 48.88  54.217231  68.159473 21.076
 79     1.034 54993.32692192 48.97  54.213461  68.156433 21.076
 79     0.977 54993.32692257 48.36  54.209691  68.153393 21.076
 79     1.062 54993.32692321 48.05  54.205921  68.150353 21.076
 79     1.158 54993.32692385 47.14  54.202152  68.147316 21.786
 79     1.106 54993.32692450 47.10  54.198382  68.144276 21.786
 79     1.155 54993.32692514 45.45  54.194612  68.141226 21.786
 79     0.966 54993.32692579 42.65  54.190852  68.138186 21.786
 79     1.266 54993.32692708 38.86  54.183322  68.132106 21.786
 79     1.187 54993.32692772 44.19  54.179552  68.129066 21.786
 79     1.201 54993.32692837 45.09  54.175792  68.126016 21.786
 79     1.265 54993.32692901 43.19  54.172032  68.122976 21.786
 79     1.198 54993.32692966 40.73  54.168272  68.119936 21.786
 79     1.258 54993.32693030 39.18  54.164512  68.116896 21.786
 79     1.092 54993.32693095 39.12  54.160752  68.113856 21.786
 79     1.150 54993.32693159 38.18  54.156992  68.110806 21.786
 79     1.175 54993.32693224 39.38  54.153242  68.107766 21.786
 79     1.226 54993.32693288 39.16  54.149482  68.104726 21.786
 79     1.200 54993.32693353 40.44  54.145732  68.101686 21.786
 79     1.158 54993.32693417 42.52  54.141972  68.098636 21.786
 79     1.277 54993.32693481 41.50  54.138222  68.095596 21.786
 80     7.634 55028.32690901 18.07  54.231708  68.171753 15.971
 80     7.315 55028.32690965 18.50  54.227928  68.168713 15.971
 80     0.541 55028.32691030 22.35  54.224158  68.165673 15.971
 80     6.768 55028.32691094 18.05  54.220388  68.162633 15.971
 80     5.960 55028.32691159 16.05  54.216608  68.159583 15.971
 80     5.827 55028.32691223 22.75  54.212838  68.156543 15.971
 80     0.227 55028.32691288 27.99  54.209068  68.153503 15.971
 80     0.130 55028.32691352 26.72  54.205298  68.150463 15.971
 80     3.503 55028.32691417 17.03  54.201530  68.147424  5.295
 80     9.423 55028.32691481 11.55  54.197770  68.144384  5.295
 80     8.973 55028.32691545 11.65  54.194000  68.141344  5.295
 80     8.847 55028.32691610 11.01  54.190230  68.138294  5.295
 80     8.134 55028.32691739 12.24  54.182710  68.132214  5.295
 80     7.168 55028.32691803 11.85  54.178940  68.129174  5.295
 80     6.481 55028.32691868 12.31  54.175180  68.126134  5.295
 80     5.190 55028.32691932 12.94  54.171420  68.123084  5.295
 80     9.808 55028.32691997 13.56  54.167660  68.120044  5.295
 80     1.404 55028.32692061 14.18  54.163900  68.117004  5.295
 80    -0.410 55028.32692126 16.05  54.160140  68.113964  5.295
 80    -0.284 55028.32692190 16.22  54.156390  68.110914  5.295
 80    -0.462 55028.32692255 16.94  54.152630  68.107874  5.295
 80    -0.622 55028.32692319 20.04  54.148870  68.104834  5.295
 80    -0.541 55028.32692384 20.19  54.145120  68.101794  5.295
 80    -0.397 55028.32692448 21.69  54.141370  68.098744  5.295
 80    -0.326 55028.32692512 16.30  54.137610  68.095704  5.295
 81     7.495 55063.32690110 18.89  54.232190  68.170845 14.805
 81     6.933 55063.32690175 20.96  54.228410  68.167805 14.805
 81     0.307 55063.32690239 28.91  54.224640  68.164765 14.805
 81    -0.219 55063.32690304 26.17  54.220860  68.161725 14.805
 81     5.739 55063.32690368 20.43  54.217090  68.158685 14.805
 81     5.279 55063.32690433 22.87  54.213320  68.155635 14.805
 81     0.081 55063.32690497 28.43  54.209550  68.152595 14.805
 81    -0.257 55063.32690562 27.77  54.205780  68.149555 14.805
 81     9.260 55063.32690626 17.72  54.202010  68.146515 14.805
 81     9.314 55063.32690690 14.95  54.198241  68.143473 14.468
 81     9.170 55063.32690755 15.46  54.194481  68.140433 14.468
 81     8.762 55063.32690819 16.73  54.190711  68.137393 14.468
 81     1.529 55063.32690948 20.55  54.183181  68.131303 14.468
 81    -2.556 55063.32691013 24.06  54.179421  68.128263 14.468
 81    -2.397 55063.32691077 26.30  54.175661  68.125223 14.468
 81    -1.162 55063.32691206 30.39  54.168141  68.119133 14.468
 81    -0.961 55063.32691271 30.56  54.164381  68.116093 14.468
 81    -0.525 55063.32691335 27.86  54.160621  68.113053 14.468
 81    -0.237 55063.32691400 28.66  54.156861  68.110013 14.468
 81    -0.331 55063.32691464 25.79  54.153111  68.106963 14.468
 81    -0.592 55063.32691529 25.60  54.149351  68.103923 14.468
 81    -0.705 55063.32691593 23.59  54.145601  68.100883 14.468
 81    -0.840 55063.32691657 25.61  54.141841  68.097843 14.468
 82     0.298 55098.32684392 43.53  54.237780  68.190136 14.866
 82     0.406 55098.32684456 38.12  54.234000  68.187096 14.866
 82     0.233 55098.32684521 33.84  54.230220  68.184056 14.866
 82     0.064 55098.32684585 27.30  54.226450  68.181016 14.866
 82    -0.028 55098.32684649 28.29  54.222670  68.177976 14.866
 82    -0.010 55098.32684714 26.38  54.218900  68.174936 14.866
 82    -0.380 55098.32684778 35.13  54.215120  68.171896 14.866
 82    -0.124 55098.32684843 28.59  54.211350  68.168856 14.866
 82    -0.137 55098.32684907 25.73  54.207580  68.165816 14.866
 82    -0.128 55098.32684972 22.12  54.203810  68.162766 14.866
 82    -0.153 55098.32685036 21.49  54.200040  68.159726 14.866
 82    -0.151 55098.32685101 22.62  54.196270  68.156686 14.866
 82     0.179 55098.32685165 18.90  54.192500  68.153646 14.866
 82     8.168 55098.32685230 17.13  54.188730  68.150606 14.866
 82     0.347 55098.32685294 17.00  54.184970  68.147566 14.866
 82     7.244 55098.32685359 17.21  54.181200  68.144516 14.866
 82     7.691 55098.32685423 16.31  54.177435  68.141477  6.943
 82     7.736 55098.32685488 16.24  54.173675  68.138437  6.943
 82     7.458 55098.32685552 17.02  54.169915  68.135397  6.943
 82    -0.027 55098.32685616 18.00  54.166155  68.132357  6.943
 82    -0.105 55098.32685681 18.94  54.162395  68.129307  6.943
 82    -1.283 55098.32685745 24.67  54.158635  68.126267  6.943
 82    -0.164 55098.32685810 20.46  54.154875  68.123227  6.943
 82    -0.186 55098.32685874 20.88  54.151115  68.120187  6.943
 82    -0.079 55098.32685939 20.24  54.147355  68.117137  6.943
 82     0.138 55098.32686003 21.85  54.143605  68.114097  6.943
 82     0.258 55098.32686068 24.81  54.139845  68.111057  6.943
 82     0.122 55098.32686132 24.93  54.136095  68.108017  6.943
 82     0.022 55098.32686197 23.79  54.132335  68.104967  6.943
 83    -0.365 55133.32685643 42.62  54.171998  68.116967 34.095
 83    -0.251 55133.32685708 44.31  54.168238  68.113927 34.095
 83    -0.374 55133.32685772 39.22  54.164478  68.110887 34.095
 83    -0.305 55133.32685966 52.05  54.153208  68.101757 34.095
 83    -0.264 55133.32686030 51.11  54.149458  68.098717 34.095
 83    -0.212 55133.32686095 50.76  54.145698  68.095667 34.095
 83    -0.343 55133.32686159 51.57  54.141948  68.092627 34.095
 84     0.701 55168.32680990 22.20  54.229951  68.172860  5.326
 84     0.514 55168.32681054 22.37  54.226181  68.169820  5.326
 84     0.458 55168.32681119 22.20  54.222411  68.166780  5.326
 84     0.364 55168.32681183 22.67  54.218631  68.163740  5.326
 84     0.392 55168.32681248 22.18  54.214861  68.160690  5.326
 84     0.364 55168.32681312 22.90  54.211091  68.157650  5.326
 84     0.344 55168.32681377 22.03  54.207321  68.154610  5.326
 84     0.343 55168.32681441 23.33  54.203551  68.151570  5.326
 84     0.288 55168.32681506 23.36  54.199781  68.148530  5.326
 84     0.260 55168.32681570 22.64  54.196021  68.145490  5.326
 84     0.311 55168.32681634 22.94  54.192248  68.142446  7.573
 84     0.427 55168.32681699 23.88  54.188488  68.139406  7.573
 84     0.437 55168.32681763 24.20  54.184718  68.136366  7.573
 84     0.498 55168.32681828 23.98  54.180958  68.133316  7.573
 84     0.223 55168.32681892 23.39  54.177198  68.130276  7.573
 84     0.368 55168.32681957 24.11  54.173428  68.127236  7.573
 84     0.361 55168.32682021 23.40  54.169668  68.124196  7.573
 84     0.253 55168.32682086 23.67  54.165908  68.121156  7.573
 84     0.218 55168.32682150 24.63  54.162158  68.118106  7.573
 84     0.261 55168.32682215 24.51  54.158398  68.115066  7.573
 84     0.182 55168.32682279 28.15  54.154638  68.112026  7.573
 84     0.044 55168.32682344 27.45  54.150888  68.108986  7.573
 84    -0.189 55168.32682408 26.74  54.147128  68.105936  7.573
 84    -0.432 55168.32682473 26.51  54.143378  68.102896  7.573
 84    -0.190 55168.32682537 25.50  54.139618  68.099856  7.573
 85     4.664 55203.32683966 14.27  54.225939  68.160603  2.372
 85     1.756 55203.32684869 16.14  54.173208  68.118017  3.443
 85    -0.048 55203.32684933 16.90  54.169448  68.114977  3.443
 85     0.219 55203.32684998 16.39  54.165688  68.111937  3.443
 85     0.264 55203.32685191 16.90  54.154418  68.102807  3.443
 85     0.091 55203.32685255 16.34  54.150658  68.099767  3.443
 85    -0.037 55203.32685320 16.53  54.146908  68.096727  3.443
 85    -0.002 55203.32685384 16.68  54.143158  68.093677  3.443
 86    -0.635 55238.32681525 15.86  54.239311  68.184524  3.738
 86    -0.361 55238.32681590 16.09  54.235541  68.181484  3.738
 86    -0.401 55238.32681654 16.27  54.231761  68.178444  3.738
 86    -0.442 55238.32681719 16.69  54.227981  68.175404  3.738
 86    -0.452 55238.32681783 17.28  54.224211  68.172364  3.738
 86    -0.236 55238.32681847 17.62  54.220431  68.169324  3.738
 86    -0.013 55238.32681912 17.54  54.216661  68.166284  3.738
 86     0.193 55238.32681976 17.58  54.212891  68.163234  3.738
 86     0.066 55238.32682041 18.14  54.209121  68.160194  3.738
 86    -0.017 55238.32682105 18.85  54.205351  68.157154  3.738
 86    -0.199 55238.32682170 18.93  54.201581  68.154114  3.738
 86    -0.533 55238.32682234 18.87  54.197811  68.151074  3.738
 86    -0.928 55238.32682299 18.95  54.194041  68.148034  3.738
 86    -1.001 55238.32682363 19.07  54.190273  68.144992  5.232
 86    -0.818 55238.32682428 17.38  54.186513  68.141952  5.232
 86    -0.666 55238.32682492 17.87  54.182743  68.138912  5.232
 86    -0.666 55238.32682557 17.58  54.178983  68.135862  5.232
 86    -0.611 55238.32682621 17.78  54.175223  68.132822  5.232
 86    -0.498 55238.32682686 17.34  54.171463  68.129782  5.232
 86    -0.561 55238.32682750 17.96  54.167693  68.126742  5.232
 86    -0.598 55238.32682815 18.85  54.163933  68.123692  5.232
 86    -0.644 55238.32682879 20.69  54.160183  68.120652  5.232
 86    -0.449 55238.32682943 20.37  54.156423  68.117612  5.232
 86    -0.128 55238.32683008 19.85  54.152663  68.114572  5.232
 86    -0.070 55238.32683072 20.32  54.148913  68.111532  5.232
 86    -0.041 55238.32683137 20.99  54.145153  68.108482  5.232
 86    -0.072 55238.32683201 20.66  54.141393  68.105442  5.232
 86    -0.295 55238.32683266 21.25  54.137643  68.102402  5.232
 87     5.410 55273.32683207 11.88  54.228376  68.168377  2.708
 87     0.050 55273.32683336 12.31  54.220836  68.162287  2.708
 87     0.245 55273.32683400 13.00  54.217056  68.159247  2.708
 87     0.480 55273.32683465 12.78  54.213286  68.156207  2.708
 87     0.131 55273.32683529 12.62  54.209516  68.153167  2.708
 87     0.004 55273.32683594 12.65  54.205746  68.150127  2.708
 87    -0.309 55273.32683658 13.10  54.201976  68.147089  3.717
 87    -0.352 55273.32683723 13.30  54.198216  68.144039  3.717
 87    -0.382 55273.32683787 13.29  54.194446  68.140999  3.717
 87    -0.307 55273.32683852 13.33  54.190676  68.137959  3.717
 87    -0.110 55273.32683980 13.10  54.183156  68.131879  3.717
 87    -0.073 55273.32684045 13.43  54.179386  68.128839  3.717
 87    -0.031 55273.32684109 13.20  54.175626  68.125789  3.717
 87     0.002 55273.32684174 14.08  54.171866  68.122749  3.717
 87    -0.088 55273.32684238 14.20  54.168106  68.119709  3.717
 87     0.679 55273.32684303 14.42  54.164346  68.116669  3.717
 87     0.123 55273.32684367 14.69  54.160586  68.113629  3.717
 87    -0.095 55273.32684432 15.49  54.156836  68.110579  3.717
 87     0.094 55273.32684496 15.31  54.153076  68.107539  3.717
 87     0.051 55273.32684561 15.32  54.149316  68.104499  3.717
 87     0.045 55273.32684625 15.24  54.145566  68.101459  3.717
 87     0.052 55273.32684690 15.63  54.141816  68.098409  3.717
 87    -0.079 55273.32684754 14.24  54.138056  68.095369  3.717
 88     9.302 55308.32679737 11.64  54.239405  68.186725  5.324
 88     8.281 55308.32679801 13.22  54.235625  68.183685  5.324
 88     7.808 55308.32679865 12.85  54.231845  68.180645  5.324
 88     5.278 55308.32679930 14.76  54.228075  68.177605  5.324
 88     5.313 55308.32679994 13.48  54.224295  68.174565  5.324
 88     4.715 55308.32680059 14.40  54.220525  68.171525  5.324
 88     4.615 55308.32680123 14.85  54.216745  68.168485  5.324
 88     0.259 55308.32680188 16.50  54.212975  68.165445  5.324
 88     0.278 55308.32680252 17.70  54.209205  68.162395  5.324
 88     0.173 55308.32680317 17.05  54.205435  68.159355  5.324
 88    -0.014 55308.32680381 20.43  54.201665  68.156315  5.324
 88    -0.145 55308.32680446 17.50  54.197895  68.153275  5.324
 88    -0.236 55308.32680510 16.10  54.194125  68.150235  5.324
 88    -0.362 55308.32680575 14.59  54.190365  68.147195  5.324
 88     3.434 55308.32680639 13.86  54.186599  68.144147  6.545
 88    -0.243 55308.32680704 13.57  54.182829  68.141107  6.545
 88     3.994 55308.32680768 13.38  54.179069  68.138067  6.545
 88    -0.265 55308.32680833 14.19  54.175309  68.135027  6.545
 88     3.519 55308.32680897 13.31  54.171539  68.131977  6.545
 88    -0.221 55308.32680961 12.72  54.167779  68.128937  6.545
 88     2.681 55308.32681026 13.11  54.164019  68.125897  6.545
 88     2.799 55308.32681090 14.35  54.160259  68.122857  6.545
 88    -0.314 55308.32681155 14.35  54.156509  68.119807  6.545
 88    -0.402 55308.32681219 16.15  54.152749  68.116767  6.545
 88    -0.253 55308.32681284 16.65  54.148989  68.113727  6.545
 88    -0.239 55308.32681348 18.05  54.145239  68.110687  6.545
 88    -0.221 55308.32681413 19.00  54.141479  68.107637  6.545
 88    -0.343 55308.32681477 19.67  54.137729  68.104597  6.545
 88    -0.380 55308.32681542 19.30  54.133979  68.101557  6.545
 89     0.292 55343.32680222 27.11  54.224499  68.161884 20.080
 89     9.097 55343.32680544 21.35  54.205649  68.146674 20.080
 89     9.658 55343.32680609 16.23  54.201879  68.143634 20.080
 89     9.152 55343.32680673 20.07  54.198110  68.140593  5.839
 89     8.963 55343.32680867 21.67  54.186820  68.131463  5.839
 89     9.016 55343.32680931 17.63  54.183050  68.128423  5.839
 89     5.100 55343.32680996 21.46  54.179290  68.125383  5.839
 89    10.454 55343.32681125 15.20  54.171770  68.119303  5.839
 89    10.004 55343.32681189 14.21  54.168010  68.116253  5.839
 89    12.131 55343.32681254 14.44  54.164250  68.113213  5.839
 89     9.168 55343.32681318 14.51  54.160490  68.110173  5.839
 89     8.590 55343.32681447 16.12  54.152980  68.104083  5.839
 89     5.905 55343.32681511 16.26  54.149220  68.101043  5.839
 89     0.645 55343.32681576 18.50  54.145470  68.098003  5.839
 89     0.555 55343.32681640 19.18  54.141720  68.094963  5.839
 90     7.604 55378.32679490 20.03  54.228419  68.171389 14.977
 90     7.497 55378.32679555 18.68  54.224649  68.168349 14.977
 90     6.945 55378.32679619 17.70  54.220869  68.165309 14.977
 90     6.941 55378.32679684 17.06  54.217099  68.162259 14.977
 90     6.010 55378.32679748 19.61  54.213329  68.159219 14.977
 90     5.683 55378.32679813 22.45  54.209559  68.156179 14.977
 90     0.180 55378.32679877 24.63  54.205789  68.153139 14.977
 90    -0.113 55378.32679942 25.58  54.202019  68.150099 14.977
 90     9.613 55378.32680006 16.65  54.198253  68.147059  6.509
 90     9.511 55378.32680071 15.70  54.194483  68.144019  6.509
 90     9.054 55378.32680135 17.28  54.190713  68.140979  6.509
 90     8.813 55378.32680200 18.37  54.186953  68.137929  6.509
 90     8.813 55378.32680264 17.97  54.183193  68.134889  6.509
 90     8.927 55378.32680329 16.63  54.179423  68.131849  6.509
 90     8.483 55378.32680393 17.73  54.175663  68.128809  6.509
 90     6.950 55378.32680457 17.98  54.171903  68.125769  6.509
 90     3.982 55378.32680522 19.15  54.168143  68.122719  6.509
 90    -0.376 55378.32680586 20.65  54.164383  68.119679  6.509
 90    -0.313 55378.32680651 20.52  54.160623  68.116639  6.509
 90    -0.271 55378.32680715 21.97  54.156863  68.113599  6.509
 90    -0.140 55378.32680780 22.35  54.153113  68.110549  6.509
 90    -0.323 55378.32680844 21.97  54.149353  68.107509  6.509
 90    -0.479 55378.32680909 23.03  54.145603  68.104469  6.509
 90    -0.388 55378.32680973 24.54  54.141843  68.101429  6.509
 90    -0.488 55378.32681038 25.55  54.138093  68.098379  6.509
 91    -0.523 55413.32683059 29.44  54.173405  68.116217 22.202
 91    -0.345 55413.32683123 43.16  54.169645  68.113177 22.202
 91    -0.231 55413.32683188 49.93  54.165885  68.110127 22.202
 91    -0.533 55413.32683381 36.76  54.154615  68.101007 22.202
 91    -0.550 55413.32683445 32.41  54.150865  68.097967 22.202
 91    -0.478 55413.32683510 29.03  54.147105  68.094917 22.202
 91    -0.404 55413.32683574 30.77  54.143355  68.091877 22.202
 92     7.477 55448.32680866 23.83  54.228942  68.170161 13.545
 92     7.557 55448.32680931 20.55  54.225172  68.167121 13.545
 92     7.483 55448.32680995 17.53  54.221392  68.164081 13.545
 92     6.835 55448.32681060 20.44  54.217622  68.161041 13.545
 92     5.872 55448.32681124 22.13  54.213852  68.158001 13.545
 92     0.497 55448.32681189 22.70  54.210082  68.154951 13.545
 92     0.501 55448.32681253 26.03  54.206312  68.151911 13.545
 92     9.242 55448.32681317 20.57  54.202542  68.148871 13.545
 92     9.504 55448.32681382 17.06  54.198772  68.145831 13.545
 92     9.498 55448.32681446 15.41  54.195012  68.142791 13.545
 92     9.007 55448.32681511 19.23  54.191245  68.139747  4.566
 92     9.194 55448.32681640 16.59  54.183715  68.133667  4.566
 92     9.344 55448.32681704 16.02  54.179955  68.130627  4.566
 92     9.632 55448.32681769 15.93  54.176195  68.127577  4.566
 92    10.129 55448.32681833 15.15  54.172425  68.124537  4.566
 92    10.592 55448.32681898 15.99  54.168665  68.121497  4.566
 92    11.686 55448.32681962 12.49  54.164905  68.118457  4.566
 92    11.857 55448.32682027 12.69  54.161155  68.115407  4.566
 92    15.275 55448.32682091 13.33  54.157395  68.112367  4.566
 92    12.694 55448.32682156 13.51  54.153635  68.109327  4.566
 92    12.141 55448.32682220 13.93  54.149885  68.106287  4.566
 92     0.069 55448.32682285 15.24  54.146125  68.103237  4.566
 92     9.931 55448.32682349 14.88  54.142375  68.100197  4.566
 92    10.019 55448.32682413 15.36  54.138625  68.097157  4.566
 93    10.624 55483.32673289 20.47  54.239893  68.191108  4.315
 93    10.138 55483.32673353 18.71  54.236113  68.188068  4.315
 93     8.422 55483.32673418 19.04  54.232343  68.185018  4.315
 93     7.717 55483.32673482 19.46  54.228563  68.181978  4.315
 93     9.000 55483.32673546 18.24  54.224783  68.178938  4.315
 93     7.407 55483.32673611 18.16  54.221013  68.175898  4.315
 93     7.069 55483.32673675 17.48  54.217243  68.172858  4.315
 93     6.802 55483.32673740 16.29  54.213463  68.169818  4.315
 93     6.923 55483.32673804 15.28  54.209693  68.166778  4.315
 93     6.387 55483.32673869 16.57  54.205923  68.163738  4.315
 93     5.450 55483.32673933 17.07  54.202153  68.160698  4.315
 93     4.945 55483.32673998 18.43  54.198383  68.157648  4.315
 93     8.070 55483.32674062 16.80  54.194613  68.154608  4.315
 93     8.520 55483.32674127 16.14  54.190853  68.151568  4.315
 93     8.556 55483.32674191 16.39  54.187083  68.148528  4.315
 93     8.526 55483.32674256 15.25  54.183323  68.145488  4.315
 93     8.150 55483.32674320 15.80  54.179553  68.142438  4.315
 93     8.090 55483.32674385 16.50  54.175796  68.139397  4.539
 93     7.986 55483.32674449 17.21  54.172026  68.136357  4.539
 93     8.151 55483.32674513 16.70  54.168266  68.133317  4.539
 93     8.002 55483.32674578 17.05  54.164506  68.130277  4.539
 93     7.434 55483.32674642 17.76  54.160746  68.127227  4.539
 93     8.969 55483.32674707 17.30  54.156986  68.124187  4.539
 93     0.444 55483.32674771 17.47  54.153236  68.121147  4.539
 93     0.405 55483.32674836 17.70  54.149476  68.118107  4.539
 93     0.324 55483.32674900 18.00  54.145716  68.115057  4.539
 93     0.531 55483.32674965 18.77  54.141966  68.112017  4.539
 93     0.401 55483.32675029 22.16  54.138206  68.108977  4.539
 93     0.315 55483.32675094 20.97  54.134456  68.105937  4.539
