# NaN NaN NaN ;Mean Elev.(m), Avg Gradient(m/km), RMS Gradient(m/km) - SRTM1     
#  -10.918  -0.005   4.792 ;Mean Elev.(m), Avg Gradient(m/km), RMS Gradient(m/km) - ASTER GDEM
#   30.000   0.147   1.160 ;Mean Elev.(m), Avg Gradient(m/km), RMS Gradient(m/km) - GMTED2010 
  7  52.219489  65.736300    13.967    13.984  7 52454.32548382 49.374
  8  52.217730  65.728447    13.505    13.293  4 52489.32546247 22.726
  9  52.221195  65.743800    16.122    15.972  7 52524.32543607 19.175
 10  52.218116  65.725891    12.733    12.628  4 52559.32548895 22.115
 11  52.217379  65.736460    11.853    11.866  8 52594.32549066 35.855
 13  52.218284  65.732341    13.990    14.319  6 52664.32545305 13.212
 15  52.216602  65.725624    17.414    17.413  4 52734.32545563 11.580
 16  52.222531  65.749425    11.092    11.089  4 52769.32544679 30.460
 17  52.220806  65.718241    13.707    13.776  3 52804.32548143 34.308
 18  52.220137  65.720846    17.191    17.254  4 52839.32554328 19.700
 19  52.218041  65.723751    10.120    10.149  4 52874.32558234 44.167
 22  52.218626  65.720606    11.672    11.110  3 52979.32554792 18.088
 23  52.219314  65.739037    15.819    15.975  8 53014.32554249 12.136
 24  52.220815  65.720399    17.146    17.192  3 53049.32551797 11.130
 25  52.220736  65.745000    16.624    16.618  7 53084.32554940 10.554
 26  52.217353  65.723018    12.304    12.662  4 53119.32552357  7.778
 27  52.217482  65.730396    17.340    17.378  6 53154.32557395 26.871
 28  52.219574  65.723064    17.421    17.435  4 53189.32556466 24.484
 29  52.218259  65.732001     9.563     9.540  7 53224.32557647 48.113
 30  52.221018  65.747979    16.250    16.214  3 53259.32554855 20.852
 31  52.217064  65.727334    16.667    16.669  4 53294.32557772 19.334
 32  52.215957  65.726934    10.657    10.684  4 53329.32555115 37.579
 33  52.218959  65.736507    12.318    12.358  7 53364.32550056 17.227
 34  52.218713  65.724268    10.606    10.596  3 53399.32552662 12.864
 35  52.217178  65.734828    15.569    15.645  7 53434.32551520 12.219
 36  52.220098  65.723115    17.745    17.821  3 53469.32555988 14.769
 37  52.218907  65.735422    13.595    13.605  7 53504.32560093 45.356
 38  52.217579  65.731593    16.555    17.244  6 53539.32559996 25.308
 39  52.218286  65.739105    10.784    10.238  8 53574.32559589 32.698
 40  52.222023  65.748942    12.365    12.119  4 53609.32554413 20.188
 41  52.220483  65.720011    16.026    16.395  3 53644.32555185 16.038
 42  52.217786  65.736981    11.635    11.634  8 53679.32556669 32.751
 43  52.218793  65.737059     9.639     9.707  7 53714.32549488 44.252
 45  52.215549  65.726032    11.972    11.952  4 53784.32544267 13.819
 46  52.223183  65.749150    15.743    16.033  4 53819.32539917 14.865
 47  52.217965  65.725602     9.574     9.599  4 53854.32548412 17.293
 48  52.219774  65.721556    16.722    16.667  4 53889.32549361 26.685
 49  52.216878  65.735239    10.989    10.967  7 53924.32555790 46.721
 50  52.220501  65.744844    15.808    16.068  6 53959.32554661 17.622
 52  52.220168  65.718817    10.008    10.019  3 54029.32554186 40.767
 53  52.216363  65.727126    12.091    12.093  4 54064.32553438 19.715
 54  52.220543  65.742789    11.053    10.937  7 54099.32549763 16.339
 55  52.220607  65.720433    16.176    16.099  3 54134.32545979 10.633
 57  52.220063  65.721141    17.002    17.068  4 54204.32546395 10.143
 58  52.216363  65.725432    15.618    15.614  4 54239.32549756 52.315
 59  52.216658  65.727760    17.168    17.159  4 54274.32551424 22.259
 60  52.217616  65.726301    11.591    11.595  4 54309.32551621 49.270
 61  52.219488  65.740411    11.641    11.654  9 54344.32549053 35.872
 62  52.218932  65.722444    17.005    16.899  3 54379.32545276 22.517
 63  52.217851  65.732749    11.627    11.631  7 54414.32544017 37.233
 64  52.219576  65.719715    11.137    11.132  3 54449.32542029 20.037
 65  52.217612  65.725868    11.680    12.013  3 54484.32543576 26.649
 66  52.220498  65.722203    15.899    15.857  3 54519.32543348 12.033
 67  52.218280  65.738038     9.874     9.860  8 54554.32544514 23.937
 68  52.217886  65.724802    10.597    10.621  4 54589.32542873 20.960
 69  52.217794  65.731320    17.326    17.311  6 54624.32544489 27.055
 70  52.217214  65.729541    11.578    11.554  5 54659.32545386 46.603
 71  52.217681  65.733855     9.972    10.001  7 54694.32543306 50.438
 72  52.219287  65.722153    13.526    11.990  3 54729.32540945 24.604
 73  52.217178  65.728507    15.597    16.883  4 54764.32541226 24.339
 74  52.219116  65.719328    11.700    11.744  3 54799.32540361 36.952
 75  52.216833  65.729723    12.280    12.620  5 54834.32540270 15.623
 76  52.220297  65.719478    11.585    11.681  3 54869.32540040 11.725
 77  52.222143  65.744865    14.795    15.096  7 54904.32540922 12.925
 78  52.219446  65.723878    15.503    15.818  4 54939.32539065  9.177
 79  52.216935  65.725805    14.403    14.401  4 54974.32542105 50.938
 80  52.218032  65.733420    16.881    16.854  7 55009.32543323 21.920
 81  52.216450  65.725772    12.509    12.466  4 55044.32542463 21.912
 82  52.217515  65.737359    12.439    12.510  8 55079.32539895 22.268
 83  52.218089  65.722894    15.334    15.396  4 55114.32535753 18.654
 84  52.217784  65.730881    10.188    10.140  5 55149.32535620 44.827
 85  52.220913  65.721735    11.395    10.609  3 55184.32534062 15.847
 86  52.217704  65.733496    11.440    11.635  7 55219.32535355 14.545
 87  52.219201  65.720951    10.606    10.555  3 55254.32533703 13.171
 88  52.222185  65.744453    15.593    16.685  7 55289.32534103  9.134
 89  52.217986  65.730617    16.273    16.274  5 55324.32532192 52.398
 90  52.217994  65.732510    14.206    14.238  6 55359.32531982 41.172
 91  52.218507  65.723822    12.841    10.990  3 55394.32532556 23.824
 92  52.217429  65.726251    13.566    13.339  4 55429.32533654 21.596
 93  52.218275  65.739358    15.229    16.049  9 55464.32529696 21.802
