# NaN NaN NaN ;Mean Elev.(m), Avg Gradient(m/km), RMS Gradient(m/km) - SRTM1     
#   19.865   0.015  14.906 ;Mean Elev.(m), Avg Gradient(m/km), RMS Gradient(m/km) - ASTER GDEM
#    5.867  -0.134   2.590 ;Mean Elev.(m), Avg Gradient(m/km), RMS Gradient(m/km) - GMTED2010 
  7  52.311781  67.649729     1.666     1.666  2 52471.71221666 24.659
  9  52.308482  67.645788     1.291     1.310  3 52541.71217561 51.259
 10  52.309173  67.647675     0.401     0.365  3 52576.71222487 35.214
 11  52.317235  67.651271     1.225     1.225  2 52611.71218817 16.930
 12  52.310533  67.647744     2.312     2.726  3 52646.71217371 11.354
 13  52.325929  67.652776    24.390    24.390  2 52681.71214471  9.376
 15  52.313880  67.649094     0.148     0.148  2 52751.71222751 20.416
 16  52.303101  67.640557     5.245     5.202  4 52786.71217075 32.654
 17  52.306154  67.643394     3.544     3.283  3 52821.71224437 20.807
 18  52.309174  67.647863     2.215     2.961  3 52856.71229240 26.408
 19  52.310822  67.647543     2.109     2.548  3 52891.71232466 21.304
 20  52.323847  67.652467     2.540     2.540  2 52926.71227740 20.206
 21  52.310648  67.646772     0.257     0.272  3 52961.71224494 27.845
 23  52.323103  67.653013    28.474    28.474  2 53031.71224705  7.339
 24  52.312961  67.649166    29.672    29.672  2 53066.71225567  8.102
 25  52.323118  67.651985    31.777    31.777  2 53101.71225282  7.320
 26  52.312667  67.648681     0.026     0.026  2 53136.71225783 13.651
 27  52.309717  67.646647     5.966     5.966  2 53171.71230744 51.598
 28  52.312545  67.649961     1.081     1.081  2 53206.71232172 23.722
 30  52.303244  67.641996     2.983     3.083  4 53276.71225959 20.422
 31  52.310483  67.646826     0.363     0.363  2 53311.71229904 40.653
 32  52.316450  67.652238     0.579     0.579  2 53346.71226568 19.571
 34  52.320404  67.650450    22.591    22.591  2 53416.71224353 13.048
 35  52.304120  67.640900     5.324     0.284  4 53451.71224087 11.479
 36  52.305892  67.645936    17.639    22.424  3 53486.71232704  8.106
 37  52.315546  67.650747     5.388     5.388  2 53521.71231994 25.797
 38  52.310040  67.648165     2.004     1.964  3 53556.71234411 30.493
 39  52.325416  67.655644    -0.034    -0.034  2 53591.71228275 26.501
 40  52.299637  67.638806     2.398     2.866  5 53626.71226914 25.371
 41  52.311661  67.644216     3.266     3.266  2 53661.71229528 18.352
 43  52.328067  67.654616    26.904    26.904  2 53731.71218715 11.977
 44  52.312725  67.649449    12.307    12.307  2 53766.71215978  8.876
 45  52.325974  67.652710    25.840    25.840  2 53801.71216135  6.790
 46  52.304477  67.643223     2.692     3.011  4 53836.71216905  1.561
 47  52.310778  67.647837     2.463     2.467  3 53871.71222446 32.468
 48  52.308302  67.647484     3.961     3.961  3 53906.71226379 51.261
 49  52.308159  67.645746     3.008     3.008  2 53941.71229165 21.620
 50  52.320853  67.652163     1.839     1.839  2 53976.71224707 19.527
 51  52.304461  67.642578     0.645     0.671  3 54011.71224935 22.369
 52  52.315693  67.650343     0.246     0.246  2 54046.71226328 17.683
 55  52.312554  67.648757    10.768    10.768  2 54151.71220711 12.255
 56  52.326125  67.653030    50.804    50.804  2 54186.71218153  1.311
 57  52.308818  67.646626     0.989     1.046  3 54221.71221655 26.687
 58  52.312100  67.651091     4.434     4.434  2 54256.71224008 24.511
 59  52.313998  67.650693     2.817     2.817  2 54291.71224181 26.529
 60  52.317963  67.651154     0.742     0.742  2 54326.71223876 23.973
 62  52.311895  67.649616     2.151     2.151  2 54396.71217849 20.498
 64  52.309825  67.647999    28.060    27.843  3 54466.71215934 10.980
 65  52.320080  67.652468    29.323    29.323  2 54501.71215348 10.400
 66  52.316623  67.649746    27.677    27.677  2 54536.71217468  9.800
 67  52.324939  67.652839    29.206    29.206  2 54571.71215550  5.346
 68  52.311385  67.650206     0.662     0.662  2 54606.71216872 24.185
 69  52.315893  67.650595     3.974     3.974  2 54641.71217769 45.837
 70  52.312464  67.650002     0.918     0.918  2 54676.71217977 24.126
 72  52.309944  67.649234     1.449     1.449  2 54746.71214783 28.305
 73  52.319673  67.650198     1.571     1.571  2 54781.71211987 29.275
 74  52.309694  67.648929    11.116    11.116  2 54816.71214076 15.623
 75  52.319943  67.651776    22.787    22.787  2 54851.71211808  9.779
 76  52.311723  67.649027    21.904    21.904  2 54886.71214479  8.523
 77  52.324643  67.655100    26.379    26.379  2 54921.71211938  7.746
 78  52.309271  67.647533    28.406    28.181  3 54956.71214087  6.512
 79  52.310487  67.649968     5.000     5.000  2 54991.71216428 50.914
 80  52.318387  67.650819     0.328     0.328  2 55026.71215493 30.115
 81  52.314811  67.650711     2.999     2.999  2 55061.71214821 20.741
 82  52.327288  67.653784     1.584     1.584  2 55096.71209741 26.329
 83  52.310821  67.649159     0.623     0.623  2 55131.71209080 52.551
 84  52.320406  67.651412    -0.199    -0.199  2 55166.71205930 24.185
 86  52.322336  67.651884    22.955    22.955  2 55236.71206598 12.425
 87  52.315846  67.649167     0.712     0.712  2 55271.71207715 11.340
 88  52.327743  67.653061     2.443     2.443  2 55306.71204807  9.796
 90  52.319911  67.650699     2.428     2.428  2 55376.71204082 20.594
 91  52.313140  67.647242    -0.147    -0.147  2 55411.71206368 24.447
 92  52.316113  67.651910     2.837     2.837  2 55446.71205630 22.186
