# NaN NaN NaN ;Mean Elev.(m), Avg Gradient(m/km), RMS Gradient(m/km) - SRTM1     
#   11.178   0.473   3.644 ;Mean Elev.(m), Avg Gradient(m/km), RMS Gradient(m/km) - ASTER GDEM
#    0.000  -0.119   3.109 ;Mean Elev.(m), Avg Gradient(m/km), RMS Gradient(m/km) - GMTED2010 
  7  54.089408  68.057815     1.199     0.216 26 52473.32699670 19.358
  8  54.089458  68.058095     3.762     3.617 25 52508.32696600 18.701
 10  54.096642  68.059116     0.113     0.109 22 52578.32700100 39.261
 11  54.083167  68.058385    -0.140    -0.149 28 52613.32696680 17.875
 12  54.097120  68.053069    -0.294    -0.363 16 52648.32694965 13.932
 13  54.096687  68.059814    -0.186    -0.190 23 52683.32692459 11.757
 15  54.073888  68.059291    -0.173    -0.167 29 52753.32700632  9.917
 17  54.098278  68.049596     0.641     0.656  9 52823.32702492 53.329
 18  54.095075  68.047287    -0.247    -0.396  8 52858.32707198 31.649
 19  54.092667  68.059040     1.549     0.078 25 52893.32710162 20.841
 20  54.075767  68.058424     0.053     0.127 29 52928.32705306 37.211
 22  54.088964  68.056686    -0.301    -0.320 25 52998.32707027 15.827
 23  54.077961  68.057788    -0.773    -0.770 29 53033.32702485 12.895
 24  54.098901  68.056243     0.246     0.203 19 53068.32703824 10.135
 25  54.075459  68.059373     0.227     0.208 29 53103.32702674 10.709
 26  54.096324  68.050023     0.806     0.400 12 53138.32704333  5.703
 27  54.098768  68.058700     3.073     1.352 20 53173.32708433 21.223
 28  54.090682  68.057925    -0.119    -0.048 24 53208.32710056 22.778
 29  54.089661  68.057755     0.042    -0.600 25 53243.32706827 28.823
 31  54.097597  68.058854     0.600     0.617 21 53313.32707344 35.425
 32  54.092034  68.057362    -0.322    -0.364 24 53348.32703961 21.861
 33  54.093980  68.043525     0.161     0.044  4 53383.32701105 18.424
 34  54.100356  68.056398    -0.448    -0.457 18 53418.32701898 14.925
 36  54.089986  68.057594    -0.299    -0.305 25 53488.32710769 10.099
 37  54.097587  68.057495     3.293     1.353 21 53523.32709615 22.106
 38  54.086514  68.059385     1.194    -0.062 25 53558.32712220 19.062
 39  54.091837  68.059341    -0.267    -0.557 25 53593.32705941 26.500
 40  54.096075  68.046616    -0.632    -0.655  8 53628.32705293 34.388
 41  54.097195  68.059200     0.812     0.473 22 53663.32707539 20.451
 42  54.089901  68.059233     0.703     0.697 25 53698.32703730 43.268
 43  54.082657  68.058174     0.338     0.318 28 53733.32696013 24.000
 44  54.094032  68.047500    -0.011     0.063 10 53768.32694162 11.675
 45  54.089167  68.059377    -0.449    -0.425 26 53803.32693742 11.552
 46  54.097617  68.047591     0.179     0.173  7 53838.32695495  9.380
 47  54.097483  68.055851     0.569     0.554 20 53873.32700276 44.817
 48  54.098382  68.060191     0.461     0.442 22 53908.32704454 21.904
 49  54.086643  68.059777     1.187    -0.093 26 53943.32706960 21.010
 50  54.080807  68.058437     0.144    -0.216 28 53978.32702134 19.572
 52  54.096468  68.051524     0.140     0.111 14 54048.32704056 27.722
 54  54.076703  68.059587    -0.201    -0.198 28 54118.32696224 15.359
 55  54.096372  68.059829    -0.557    -0.580 23 54153.32698581 12.444
 57  54.098108  68.056515     0.180     0.209 20 54223.32699631 31.971
 58  54.097917  68.060317     1.234     1.241 22 54258.32701723 51.726
 59  54.098869  68.059479     0.101     0.167 22 54293.32702029 47.261
 60  54.091260  68.057651     1.763     0.212 25 54328.32701589 20.431
 61  54.077557  68.057992     1.847     0.554 29 54363.32696414 17.476
 62  54.098320  68.056429     1.787     0.702 19 54398.32695590 22.101
 63  54.086680  68.059991    -0.188    -0.205 26 54433.32691364 25.114
 64  54.097011  68.050127     0.162     0.150 11 54468.32693954 14.840
 65  54.088354  68.059841    -0.406    -0.417 26 54503.32692947 13.603
 66  54.096665  68.059058    -0.398    -0.398 22 54538.32695349 10.917
 67  54.082879  68.058126    -0.340    -0.354 28 54573.32693077  9.668
 68  54.098378  68.060157     0.088     0.079 21 54608.32694619 18.997
 69  54.091484  68.057810     0.448     0.429 25 54643.32695529 21.609
 70  54.094941  68.059106     0.171     0.005 23 54678.32695662 24.556
 71  54.079911  68.057006     3.603     2.183 28 54713.32691026 17.451
 72  54.098271  68.056912     1.174     0.689 20 54748.32692625 23.020
 73  54.090722  68.058468     0.233     0.198 25 54783.32689701 37.754
 74  54.099902  68.056796     0.013     0.076 19 54818.32691872 22.294
 75  54.089036  68.057944    -0.417    -0.424 25 54853.32689416 12.680
 76  54.093426  68.057583    -0.250    -0.267 25 54888.32692354 11.017
 77  54.077058  68.059745    -0.155    -0.155 29 54923.32689421 10.337
 78  54.098186  68.056318     3.525     3.583 20 54958.32692030  1.715
 79  54.091402  68.057557     1.407     1.420 24 54993.32694287 46.027
 80  54.090805  68.057663     0.120     0.073 24 55028.32693318 18.024
 81  54.093150  68.058275    -0.055    -0.080 25 55063.32692496 23.695
 82  54.076182  68.059315     2.127     1.136 29 55098.32687164 20.591
 83  54.098869  68.057631    -0.326    -0.326 20 55133.32686901 47.297
 84  54.089066  68.058768    -0.008    -0.002 26 55168.32683407 24.495
 85  54.098200  68.057161    -0.013    -0.012 19 55203.32686158 17.031
 86  54.083346  68.058270    -0.339    -0.319 28 55238.32684201 17.580
 87  54.091248  68.057328    -0.033    -0.025 24 55273.32685560 13.844
 88  54.079686  68.057420    -0.391    -0.428 28 55308.32682476 17.116
 89  54.098638  68.059960     0.860     0.671 22 55343.32682382 23.057
 90  54.089404  68.058818     0.276     0.014 25 55378.32681876 21.104
 91  54.098402  68.055358     0.073    -0.011 19 55413.32684348 32.848
 92  54.089941  68.057590     4.035     3.421 25 55448.32683252 18.557
 93  54.078294  68.060279     2.521     1.052 29 55483.32676061 20.175
