# NaN NaN NaN ;Mean Elev.(m), Avg Gradient(m/km), RMS Gradient(m/km) - SRTM1     
#  -10.918  -0.005   4.792 ;Mean Elev.(m), Avg Gradient(m/km), RMS Gradient(m/km) - ASTER GDEM
#   30.000   0.147   1.160 ;Mean Elev.(m), Avg Gradient(m/km), RMS Gradient(m/km) - GMTED2010 
  7    14.010 52454.32548189 50.80  52.228897  65.745583 41.218
  7    13.906 52454.32548253 51.03  52.225757  65.742483 41.218
  7    14.020 52454.32548318 48.47  52.222617  65.739393 41.218
  7    13.905 52454.32548382 48.79  52.219487  65.736303 41.218
  7    14.058 52454.32548447 48.35  52.216357  65.733203 41.218
  7    13.966 52454.32548511 48.79  52.213217  65.730113 41.218
  7    13.907 52454.32548576 48.39  52.210087  65.727023 41.218
  8    13.042 52489.32546150 27.42  52.222427  65.733087 25.208
  8    14.587 52489.32546214 18.26  52.219297  65.729997 25.208
  8    13.544 52489.32546279 17.20  52.216167  65.726897 25.208
  8    12.848 52489.32546343 18.91  52.213027  65.723807 25.208
  9    15.993 52524.32543414 16.32  52.230600  65.753077  9.413
  9    15.675 52524.32543478 24.63  52.227470  65.749987  9.413
  9    16.596 52524.32543543 16.00  52.224330  65.746897  9.413
  9    16.586 52524.32543607 15.94  52.221200  65.743797  9.413
  9    16.298 52524.32543672 17.70  52.218060  65.740707  9.413
  9    15.957 52524.32543736 17.95  52.214930  65.737617  9.413
  9    15.745 52524.32543800 16.56  52.211790  65.734517  9.413
 10    15.100 52559.32548798 19.10  52.222819  65.730533 15.469
 10    13.525 52559.32548862 18.68  52.219679  65.727433 15.469
 10    11.731 52559.32548927 20.29  52.216549  65.724343 15.469
 10    10.577 52559.32548991 25.90  52.213419  65.721253 15.469
 11    11.873 52594.32548840 22.08  52.228351  65.747284 12.418
 11    11.916 52594.32548905 26.38  52.225211  65.744194 12.418
 11    11.836 52594.32548969 42.97  52.222081  65.741104 12.418
 11    11.573 52594.32549033 38.96  52.218941  65.738004 12.418
 11    11.809 52594.32549098 26.48  52.215811  65.734914 12.418
 11    11.882 52594.32549162 25.56  52.212681  65.731824 12.418
 11    12.000 52594.32549227 28.09  52.209541  65.728724 12.418
 11    11.936 52594.32549291 30.30  52.206411  65.725634 12.418
 13    15.912 52664.32545144 12.88  52.226118  65.740071  2.692
 13    15.335 52664.32545208 13.20  52.222988  65.736981  2.692
 13    12.745 52664.32545273 13.39  52.219848  65.733891  2.692
 13    14.285 52664.32545337 13.00  52.216718  65.730791  2.692
 13    12.938 52664.32545402 13.26  52.213588  65.727701  2.692
 13    12.726 52664.32545466 13.51  52.210448  65.724611  2.692
 15    18.120 52734.32545466 11.33  52.221302  65.730264  1.894
 15    17.521 52734.32545531 11.63  52.218172  65.727174  1.894
 15    17.304 52734.32545595 11.59  52.215032  65.724074  1.894
 15    16.709 52734.32545660 11.76  52.211902  65.720984  1.894
 16    10.989 52769.32544550 30.97  52.228804  65.755607 29.619
 16    11.083 52769.32544615 30.07  52.225664  65.752517 29.619
 16    11.095 52769.32544679 30.30  52.222534  65.749427 29.619
 16    11.200 52769.32544873 30.45  52.213124  65.740147 29.619
 17    13.428 52804.32548078 33.37  52.223943  65.721338 30.575
 17    13.776 52804.32548143 34.79  52.220803  65.718238 30.575
 17    13.917 52804.32548207 34.63  52.217673  65.715148 30.575
 18    17.514 52839.32554231 21.80  52.224836  65.725483 27.968
 18    17.302 52839.32554295 18.26  52.221706  65.722393 27.968
 18    17.206 52839.32554360 18.00  52.218566  65.719303 27.968
 18    16.741 52839.32554424 19.63  52.215440  65.716207 16.243
 19    10.136 52874.32558137 46.45  52.222744  65.728394 23.996
 19    10.163 52874.32558202 43.95  52.219604  65.725294 23.996
 19     9.969 52874.32558266 39.03  52.216474  65.722204 23.996
 19    10.212 52874.32558331 44.38  52.213344  65.719114 23.996
 22    12.892 52979.32554727 16.76  52.221763  65.723703  8.126
 22    11.015 52979.32554792 18.61  52.218623  65.720603  8.126
 22    11.110 52979.32554856 18.64  52.215493  65.717513  8.126
 23    16.541 53014.32554024 11.24  52.230287  65.749863  2.885
 23    16.674 53014.32554088 10.93  52.227147  65.746773  2.885
 23    16.795 53014.32554153 11.15  52.224017  65.743673  2.885
 23    16.527 53014.32554217 11.92  52.220877  65.740583  2.885
 23    16.306 53014.32554282 12.12  52.217747  65.737493  2.885
 23    14.783 53014.32554346 13.10  52.214607  65.734393  2.885
 23    15.277 53014.32554410 12.40  52.211477  65.731303  2.885
 23    13.653 53014.32554475 13.51  52.208347  65.728213  2.885
 24    17.893 53049.32551733 10.69  52.223945  65.723492  2.444
 24    17.192 53049.32551797 11.13  52.220815  65.720402  2.444
 24    16.352 53049.32551861 11.53  52.217685  65.717302  2.444
 25    16.726 53084.32554746 10.15  52.230148  65.754283  2.514
 25    16.716 53084.32554811 10.52  52.227008  65.751183  2.514
 25    16.691 53084.32554875 10.31  52.223868  65.748093  2.514
 25    16.813 53084.32554940 10.40  52.220738  65.745003  2.514
 25    16.729 53084.32555004 10.50  52.217598  65.741903  2.514
 25    16.520 53084.32555068 10.90  52.214468  65.738813  2.514
 25    16.169 53084.32555133 11.03  52.211328  65.735723  2.514
 26    10.304 53119.32552261  8.31  52.222053  65.727658  2.484
 26    12.630 53119.32552325  7.50  52.218923  65.724568  2.484
 26    12.693 53119.32552389  7.48  52.215783  65.721468  2.484
 26    13.591 53119.32552454  7.77  52.212653  65.718378  2.484
 27    17.372 53154.32557234 28.82  52.225318  65.738132 25.730
 27    17.576 53154.32557299 27.63  52.222178  65.735032 25.730
 27    17.584 53154.32557363 26.78  52.219048  65.731942 25.730
 27    17.449 53154.32557428 26.73  52.215918  65.728852 25.730
 27    17.180 53154.32557492 25.06  52.212778  65.725752 25.730
 27    16.882 53154.32557557 24.91  52.209648  65.722662 25.730
 28    17.263 53189.32556369 28.95  52.224272  65.727702 26.530
 28    17.550 53189.32556434 20.53  52.221142  65.724612 26.530
 28    17.533 53189.32556498 20.55  52.218012  65.721522 26.530
 28    17.337 53189.32556563 20.47  52.214872  65.718422 26.530
 29     9.558 53224.32557453 50.29  52.227659  65.741281 30.877
 29     9.683 53224.32557518 50.10  52.224529  65.738191 30.877
 29     9.511 53224.32557582 46.57  52.221389  65.735091 30.877
 29     9.527 53224.32557647 45.58  52.218259  65.732001 30.877
 29     9.544 53224.32557711 48.64  52.215129  65.728911 30.877
 29     9.595 53224.32557776 49.28  52.211999  65.725811 30.877
 29     9.521 53224.32557840 36.73  52.208859  65.722721 30.877
 30    16.000 53259.32554726 20.67  52.227285  65.754162 12.816
 30    16.214 53259.32554791 21.39  52.224155  65.751072 12.816
 30    16.537 53259.32555048 20.44  52.211615  65.738702 12.816
 31    17.176 53294.32557675 19.18  52.221769  65.731974 21.629
 31    16.644 53294.32557740 20.97  52.218629  65.728884 21.629
 31    16.694 53294.32557804 16.53  52.215499  65.725784 21.629
 31    16.154 53294.32557869 19.56  52.212359  65.722694 21.629
 32    10.478 53329.32555018 26.94  52.220652  65.731574 16.008
 32    10.783 53329.32555083 34.62  52.217522  65.728484 16.008
 32    10.612 53329.32555147 39.37  52.214392  65.725384 16.008
 32    10.756 53329.32555211 40.36  52.211262  65.722294 16.008
 33    11.491 53364.32549863 15.73  52.228363  65.745790  4.396
 33    12.328 53364.32549927 15.85  52.225223  65.742690  4.396
 33    12.441 53364.32549992 16.96  52.222093  65.739600  4.396
 33    12.737 53364.32550056 16.93  52.218953  65.736510  4.396
 33    12.570 53364.32550121 17.53  52.215823  65.733410  4.396
 33    12.260 53364.32550185 18.11  52.212693  65.730320  4.396
 33    12.402 53364.32550250 18.66  52.209563  65.727230  4.396
 34    10.227 53399.32552597 12.50  52.221843  65.727365  5.867
 34    10.596 53399.32552662 13.02  52.218713  65.724265  5.867
 34    10.994 53399.32552726 13.05  52.215583  65.721175  5.867
 35    16.499 53434.32551327 11.61  52.226578  65.744105  4.033
 35    16.365 53434.32551391 12.40  52.223448  65.741015  4.033
 35    16.344 53434.32551456 12.08  52.220308  65.737925  4.033
 35    16.019 53434.32551520 12.05  52.217178  65.734825  4.033
 35    15.513 53434.32551585 12.09  52.214048  65.731735  4.033
 35    14.924 53434.32551649 12.85  52.210918  65.728645  4.033
 35    13.320 53434.32551714 12.35  52.207778  65.725545  4.033
 36    18.183 53469.32555923 14.67  52.223235  65.726212  2.227
 36    17.821 53469.32555988 14.65  52.220095  65.723112  2.227
 36    17.231 53469.32556052 14.98  52.216965  65.720022  2.227
 37    13.648 53504.32559900 37.88  52.228312  65.744699 32.234
 37    13.569 53504.32559964 35.51  52.225172  65.741609 32.234
 37    13.577 53504.32560029 38.45  52.222042  65.738519 32.234
 37    13.612 53504.32560093 51.22  52.218902  65.735419 32.234
 37    13.621 53504.32560158 49.18  52.215772  65.732329 32.234
 37    13.576 53504.32560222 35.08  52.212642  65.729239 32.234
 37    13.562 53504.32560287 37.10  52.209502  65.726139 32.234
 38    13.682 53539.32559835 31.07  52.225415  65.739329 24.060
 38    17.614 53539.32559899 22.35  52.222275  65.736229 24.060
 38    17.341 53539.32559964 21.12  52.219145  65.733139 24.060
 38    17.394 53539.32560028 19.90  52.216015  65.730049 24.060
 38    16.954 53539.32560093 21.08  52.212875  65.726949 24.060
 38    16.344 53539.32560157 23.62  52.209745  65.723859 24.060
 39    10.095 53574.32559363 33.73  52.229255  65.749931 25.001
 39    10.229 53574.32559428 27.32  52.226125  65.746841 25.001
 39    10.311 53574.32559492 25.60  52.222985  65.743741 25.001
 39    12.815 53574.32559557 24.21  52.219855  65.740651 25.001
 39    12.434 53574.32559621 24.17  52.216715  65.737561 25.001
 39     9.957 53574.32559686 26.87  52.213585  65.734461 25.001
 39    10.181 53574.32559750 28.89  52.210455  65.731371 25.001
 39    10.250 53574.32559815 39.93  52.207315  65.728281 25.001
 40    14.973 53609.32554284 17.91  52.228296  65.755124 20.311
 40    10.249 53609.32554348 20.07  52.225156  65.752034 20.311
 40    10.370 53609.32554413 21.36  52.222026  65.748944 20.311
 40    13.868 53609.32554606 20.70  52.212616  65.739664 20.311
 41    16.817 53644.32555120 16.84  52.223620  65.723108 19.952
 41    16.395 53644.32555185 14.95  52.220480  65.720008 19.952
 41    14.866 53644.32555249 16.12  52.217350  65.716918 19.952
 42    11.763 53679.32556443 38.81  52.228764  65.747807 28.449
 42    11.737 53679.32556507 35.72  52.225624  65.744717 28.449
 42    11.722 53679.32556572 31.45  52.222484  65.741617 28.449
 42    11.772 53679.32556636 28.49  52.219354  65.738527 28.449
 42    11.613 53679.32556701 25.76  52.216214  65.735437 28.449
 42    11.593 53679.32556765 26.01  52.213084  65.732337 28.449
 42    11.475 53679.32556830 25.49  52.209954  65.729247 28.449
 42    11.403 53679.32556894 27.04  52.206814  65.726157 28.449
 43     9.522 53714.32549294 36.89  52.228197  65.746342 31.848
 43     9.622 53714.32549359 45.26  52.225057  65.743242 31.848
 43     9.523 53714.32549423 39.62  52.221927  65.740152 31.848
 43     9.404 53714.32549488 35.67  52.218787  65.737062 31.848
 43     9.592 53714.32549552 45.17  52.215657  65.733962 31.848
 43     9.913 53714.32549617 44.02  52.212527  65.730872 31.848
 43     9.893 53714.32549681 48.86  52.209397  65.727782 31.848
 45    12.359 53784.32544170 13.03  52.220252  65.730672  3.144
 45    11.625 53784.32544234 13.76  52.217112  65.727582  3.144
 45    12.048 53784.32544299 13.73  52.213982  65.724482  3.144
 45    11.855 53784.32544363 14.61  52.210852  65.721392  3.144
 46    16.081 53819.32539788 14.60  52.229455  65.755338  3.698
 46    16.055 53819.32539853 14.38  52.226315  65.752248  3.698
 46    16.011 53819.32539917 14.63  52.223185  65.749148  3.698
 46    14.827 53819.32540111 15.72  52.213775  65.739868  3.698
 47     9.584 53854.32548315 12.65  52.222668  65.730247 13.374
 47     9.666 53854.32548380 17.54  52.219528  65.727147 13.374
 47     9.614 53854.32548444 17.85  52.216398  65.724057 13.374
 47     9.434 53854.32548509 18.94  52.213268  65.720957 13.374
 48    16.440 53889.32549264 31.99  52.224469  65.726194 33.862
 48    17.115 53889.32549329 20.28  52.221339  65.723104 33.862
 48    16.833 53889.32549393 19.34  52.218209  65.720014 33.862
 48    16.501 53889.32549457 19.58  52.215079  65.716914 33.862
 49    10.907 53924.32555596 47.84  52.226283  65.744522 28.693
 49    10.881 53924.32555661 44.52  52.223143  65.741422 28.693
 49    11.061 53924.32555725 44.28  52.220013  65.738332 28.693
 49    11.044 53924.32555790 46.97  52.216873  65.735242 28.693
 49    11.031 53924.32555854 47.07  52.213743  65.732142 28.693
 49    11.006 53924.32555918 47.79  52.210603  65.729052 28.693
 49    10.994 53924.32555983 47.18  52.207473  65.725962 28.693
 50    16.304 53959.32554500 15.56  52.228344  65.752573 12.979
 50    15.765 53959.32554564 18.79  52.225204  65.749483 12.979
 50    16.852 53959.32554629 15.08  52.222064  65.746393 12.979
 50    16.694 53959.32554693 16.61  52.218934  65.743303 12.979
 50    13.402 53959.32554758 19.66  52.215794  65.740203 12.979
 50    15.831 53959.32554822 18.12  52.212664  65.737113 12.979
 52     9.983 54029.32554122 38.50  52.223301  65.721914 19.351
 52    10.023 54029.32554186 42.43  52.220171  65.718814 19.351
 52    10.019 54029.32554251 40.50  52.217031  65.715724 19.351
 53    12.152 54064.32553341 18.63  52.221058  65.731769  6.475
 53    11.985 54064.32553406 19.55  52.217928  65.728669  6.475
 53    12.034 54064.32553470 19.67  52.214798  65.725579  6.475
 53    12.192 54064.32553534 20.75  52.211668  65.722489  6.475
 54    10.815 54099.32549570 15.31  52.229945  65.752072  4.153
 54    10.980 54099.32549634 15.40  52.226815  65.748972  4.153
 54    10.944 54099.32549699 15.11  52.223675  65.745882  4.153
 54    10.842 54099.32549763 16.23  52.220545  65.742792  4.153
 54    12.064 54099.32549828 15.76  52.217405  65.739692  4.153
 54    10.807 54099.32549892 17.39  52.214275  65.736602  4.153
 54    10.919 54099.32549957 18.18  52.211145  65.733512  4.153
 55    16.794 54134.32545915 10.49  52.223744  65.723530  2.409
 55    16.099 54134.32545979 10.55  52.220604  65.720430  2.409
 55    15.634 54134.32546044 10.85  52.217474  65.717340  2.409
 57    17.754 54204.32546298 11.43  52.224765  65.725783  2.320
 57    17.391 54204.32546363  9.68  52.221626  65.722691  3.775
 57    16.745 54204.32546427  9.74  52.218496  65.719591  3.775
 57    16.119 54204.32546492  9.41  52.215366  65.716501  3.775
 58    15.557 54239.32549659 53.13  52.221062  65.730072 32.401
 58    15.687 54239.32549723 51.10  52.217932  65.726982 32.401
 58    15.665 54239.32549788 51.02  52.214792  65.723882 32.401
 58    15.562 54239.32549852 53.44  52.211666  65.720793 48.577
 59    17.404 54274.32551328 24.68  52.221360  65.732403 23.171
 59    17.234 54274.32551392 22.26  52.218220  65.729303 23.171
 59    17.085 54274.32551457 20.85  52.215090  65.726213 23.171
 59    16.951 54274.32551521 19.51  52.211960  65.723123 23.171
 60    11.519 54309.32551524 51.10  52.222318  65.730938 28.957
 60    11.624 54309.32551589 48.68  52.219178  65.727848 28.957
 60    11.656 54309.32551653 49.29  52.216048  65.724758 28.957
 60    11.566 54309.32551718 47.04  52.212919  65.721661 26.768
 61    11.641 54344.32548795 39.81  52.232028  65.752781 15.750
 61    11.700 54344.32548860 39.63  52.228888  65.749691 15.750
 61    11.736 54344.32548924 38.66  52.225758  65.746601 15.750
 61    11.686 54344.32548989 35.24  52.222618  65.743501 15.750
 61    11.806 54344.32549053 33.27  52.219488  65.740411 15.750
 61    11.655 54344.32549118 30.33  52.216358  65.737321 15.750
 61    11.589 54344.32549182 28.79  52.213218  65.734221 15.750
 61    11.515 54344.32549246 28.13  52.210088  65.731131 15.750
 61    11.440 54344.32549311 28.67  52.206958  65.728041 15.750
 62    17.484 54379.32545212 22.51  52.222061  65.725540 23.269
 62    16.899 54379.32545276 22.87  52.218932  65.722446 15.961
 62    16.632 54379.32545341 22.14  52.215802  65.719346 15.961
 63    11.646 54414.32543823 39.94  52.227247  65.742026 22.051
 63    11.669 54414.32543888 37.25  52.224117  65.738936 22.051
 63    11.571 54414.32543952 37.06  52.220977  65.735846 22.051
 63    11.596 54414.32544017 34.26  52.217847  65.732746 22.051
 63    11.626 54414.32544081 33.48  52.214717  65.729656 22.051
 63    11.546 54414.32544145 36.65  52.211587  65.726566 22.051
 63    11.737 54414.32544210 38.60  52.208455  65.723468 24.591
 64    11.132 54449.32541965 19.41  52.222706  65.722812  8.223
 64    11.116 54449.32542029 19.74  52.219576  65.719712  8.223
 64    11.163 54449.32542094 20.83  52.216446  65.716622  8.223
 65    10.738 54484.32543512 31.19  52.220742  65.728958  6.711
 65    12.013 54484.32543576 16.06  52.217612  65.725868  6.711
 65    12.288 54484.32543640 14.96  52.214482  65.722778  6.711
 66    16.651 54519.32543283 11.81  52.223630  65.725294  3.076
 66    15.857 54519.32543348 12.07  52.220500  65.722204  3.076
 66    15.188 54519.32543412 12.21  52.217365  65.719110  2.704
 67     9.740 54554.32544289 14.60  52.229253  65.748868 16.535
 67     9.907 54554.32544353 17.52  52.226113  65.745768 16.535
 67    10.002 54554.32544417 18.17  52.222983  65.742678 16.535
 67     9.932 54554.32544482 18.22  52.219843  65.739588 16.535
 67     9.847 54554.32544546 22.11  52.216713  65.736488 16.535
 67    10.003 54554.32544611 28.24  52.213573  65.733398 16.535
 67     9.812 54554.32544675 28.91  52.210443  65.730308 16.535
 67     9.753 54554.32544740 21.93  52.207313  65.727208 16.535
 68    10.615 54589.32542776 20.04  52.222589  65.729437  5.088
 68    10.641 54589.32542840 21.81  52.219449  65.726347  5.088
 68    10.627 54589.32542905 20.84  52.216319  65.723257  5.088
 68    10.504 54589.32542969 20.97  52.213189  65.720167  5.088
 69    17.387 54624.32544327 28.54  52.225625  65.739050 24.080
 69    17.443 54624.32544392 28.06  52.222495  65.735960 24.080
 69    17.543 54624.32544456 27.54  52.219355  65.732870 24.080
 69    17.433 54624.32544521 26.02  52.216225  65.729770 24.080
 69    17.179 54624.32544585 25.48  52.213095  65.726680 24.080
 69    16.971 54624.32544650 25.69  52.209965  65.723590 24.080
 70    11.656 54659.32545257 49.33  52.223483  65.735726 31.198
 70    11.496 54659.32545321 47.67  52.220343  65.732636 31.198
 70    11.576 54659.32545386 45.48  52.217213  65.729536 31.198
 70    11.594 54659.32545450 44.26  52.214083  65.726446 31.198
 70    11.568 54659.32545515 43.53  52.210953  65.723356 31.198
 71     9.968 54694.32543112 53.30  52.227085  65.743138 36.650
 71    10.160 54694.32543177 51.82  52.223945  65.740038 36.650
 71    10.108 54694.32543241 51.55  52.220815  65.736948 36.650
 71    10.030 54694.32543306 51.81  52.217675  65.733858 36.650
 71     9.980 54694.32543370 48.98  52.214545  65.730758 36.650
 71     9.841 54694.32543435 41.73  52.211415  65.727668 36.650
 71     9.716 54694.32543499 42.97  52.208285  65.724578 36.650
 72    16.621 54729.32540880 23.31  52.222417  65.725243 21.270
 72    11.967 54729.32540945 24.04  52.219287  65.722153 21.270
 72    11.990 54729.32541009 26.00  52.216157  65.719063 21.270
 73    17.329 54764.32541129 24.42  52.221878  65.733147 21.075
 73    17.274 54764.32541194 20.29  52.218748  65.730057 21.075
 73    16.491 54764.32541258 23.75  52.215608  65.726957 21.075
 73    11.294 54764.32541323 26.68  52.212478  65.723867 21.075
 74    11.604 54799.32540297 35.09  52.222243  65.722423  7.561
 74    11.744 54799.32540361 35.14  52.219117  65.719331 29.032
 74    11.753 54799.32540426 39.23  52.215987  65.716231 29.032
 75    13.033 54834.32540141 14.49  52.223103  65.735904  3.810
 75    12.877 54834.32540205 14.99  52.219963  65.732814  3.810
 75    11.543 54834.32540270 16.87  52.216833  65.729724  3.810
 75    11.737 54834.32540334 15.95  52.213703  65.726624  3.810
 75    12.209 54834.32540399 15.42  52.210563  65.723534  3.810
 76    11.681 54869.32539976 11.54  52.223424  65.722573  2.224
 76    11.212 54869.32540040 11.83  52.220299  65.719481  2.901
 76    11.861 54869.32540105 11.80  52.217169  65.716381  2.901
 77    16.208 54904.32540728 12.27  52.231555  65.754145  2.925
 77    15.992 54904.32540793 12.80  52.228415  65.751055  2.925
 77    15.668 54904.32540857 13.43  52.225275  65.747955  2.925
 77    15.669 54904.32540922 13.12  52.222145  65.744865  2.925
 77    12.692 54904.32540986 13.13  52.219005  65.741775  2.925
 77    13.581 54904.32541051 12.87  52.215875  65.738675  2.925
 77    13.756 54904.32541115 12.76  52.212735  65.735585  2.925
 78    17.026 54939.32538968  8.41  52.224149  65.728518  3.914
 78    16.297 54939.32539033  8.57  52.221009  65.725428  3.914
 78    15.339 54939.32539097  9.06  52.217879  65.722328  3.914
 78    13.348 54939.32539162 10.38  52.214749  65.719238  3.914
 79    14.374 54974.32542008 50.93  52.221637  65.730443 29.764
 79    14.435 54974.32542073 52.07  52.218497  65.727353 29.764
 79    14.418 54974.32542137 50.41  52.215367  65.724263 29.764
 79    14.385 54974.32542202 50.07  52.212237  65.721163 29.764
 80    17.121 55009.32543130 24.98  52.227437  65.742700 22.287
 80    17.057 55009.32543194 23.01  52.224297  65.739610 22.287
 80    16.966 55009.32543259 23.03  52.221167  65.736510 22.287
 80    17.011 55009.32543323 21.60  52.218027  65.733420 22.287
 80    16.946 55009.32543388 19.29  52.214897  65.730330 22.287
 80    16.650 55009.32543452 18.81  52.211767  65.727230 22.287
 80    16.416 55009.32543516 18.33  52.208627  65.724140 22.287
 81    13.919 55044.32542366 20.63  52.221145  65.730415 26.908
 81    13.695 55044.32542430 19.97  52.218015  65.727315 26.908
 81    11.237 55044.32542495 21.21  52.214885  65.724225 26.908
 81    11.186 55044.32542559 24.38  52.211755  65.721135 26.908
 82    15.588 55079.32539670 22.85  52.228482  65.748185 14.077
 82     9.959 55079.32539734 21.80  52.225352  65.745095 14.077
 82     9.901 55079.32539799 26.26  52.222212  65.741995 14.077
 82    12.423 55079.32539863 24.23  52.219082  65.738905 14.077
 82    12.805 55079.32539928 19.09  52.215942  65.735815 14.077
 82    13.032 55079.32539992 17.91  52.212812  65.732715 14.077
 82    12.948 55079.32540057 18.86  52.209682  65.729625 14.077
 82    12.854 55079.32540121 19.88  52.206552  65.726535 14.077
 83    13.817 55114.32535656 21.70  52.222792  65.727534 22.286
 83    16.728 55114.32535721 16.00  52.219652  65.724444 22.286
 83    15.988 55114.32535785 16.85  52.216522  65.721344 22.286
 83    14.803 55114.32535850 17.58  52.213392  65.718254 22.286
 84    10.137 55149.32535491 33.89  52.224045  65.737062 24.859
 84    10.264 55149.32535556 39.18  52.220915  65.733972 24.859
 84    10.135 55149.32535620 46.37  52.217785  65.730882 24.859
 84    10.261 55149.32535685 46.39  52.214645  65.727782 24.859
 84    10.142 55149.32535749 47.35  52.211515  65.724692 24.859
 85    13.106 55184.32533998 14.93  52.224047  65.724827  4.011
 85    10.609 55184.32534062 15.56  52.220917  65.721737  4.011
 85    10.470 55184.32534126 16.83  52.217776  65.718642  4.338
 86     9.831 55219.32535162 13.84  52.227109  65.742776  3.485
 86    10.025 55219.32535226 14.20  52.223969  65.739686  3.485
 86    10.356 55219.32535291 14.36  52.220839  65.736586  3.485
 86    12.232 55219.32535355 14.67  52.217699  65.733496  3.485
 86    12.254 55219.32535419 14.81  52.214569  65.730406  3.485
 86    12.838 55219.32535484 14.84  52.211439  65.727306  3.485
 86    12.547 55219.32535548 14.98  52.208309  65.724216  3.485
 87    10.555 55254.32533639 13.13  52.222339  65.724046  2.444
 87    10.859 55254.32533703 13.09  52.219197  65.720953  3.088
 87    10.405 55254.32533767 13.29  52.216067  65.717853  3.088
 88    16.712 55289.32533910  8.97  52.231590  65.753730  4.627
 88     9.401 55289.32533974 13.41  52.228450  65.750640  4.627
 88    16.788 55289.32534039  7.47  52.225320  65.747550  4.627
 88    16.314 55289.32534103  8.44  52.222180  65.744450  4.627
 88    16.832 55289.32534168  7.67  52.219050  65.741360  4.627
 88    16.669 55289.32534232  6.69  52.215910  65.738270  4.627
 88    16.437 55289.32534297  6.48  52.212780  65.735170  4.627
 89    16.286 55324.32532063 51.46  52.224251  65.736798 43.040
 89    16.298 55324.32532128 52.04  52.221121  65.733708 43.040
 89    16.305 55324.32532192 52.55  52.217981  65.730618 43.040
 89    16.249 55324.32532257 52.79  52.214851  65.727518 43.040
 89    16.227 55324.32532321 52.98  52.211721  65.724428 43.040
 90    14.340 55359.32531820 44.97  52.225828  65.740245 21.265
 90    14.306 55359.32531885 42.91  52.222698  65.737155 21.265
 90    14.261 55359.32531949 38.18  52.219558  65.734055 21.265
 90    14.153 55359.32532014 36.98  52.216428  65.730965 21.265
 90    14.039 55359.32532078 38.86  52.213298  65.727865 21.265
 90    14.135 55359.32532143 39.23  52.210158  65.724775 21.265
 91    16.637 55394.32532491 21.09  52.221640  65.726912 30.015
 91    10.895 55394.32532556 23.98  52.218510  65.723822 30.015
 91    10.990 55394.32532620 25.38  52.215370  65.720732 30.015
 92    16.684 55429.32533557 18.29  52.222127  65.730891 25.623
 92    13.708 55429.32533621 18.95  52.218997  65.727801 25.623
 92    12.970 55429.32533686 20.68  52.215867  65.724701 25.623
 92    10.902 55429.32533750 24.98  52.212727  65.721611 25.623
 93    16.244 55464.32529438 16.09  52.230815  65.751728 11.388
 93    16.334 55464.32529502 17.78  52.227675  65.748638 11.388
 93    16.432 55464.32529567 16.07  52.224545  65.745548 11.388
 93    16.511 55464.32529631 15.69  52.221405  65.742448 11.388
 93    16.341 55464.32529696 17.88  52.218275  65.739358 11.388
 93    16.251 55464.32529760 17.58  52.215135  65.736268 11.388
 93    15.668 55464.32529825 17.48  52.212005  65.733168 11.388
 93    11.746 55464.32529889 20.67  52.208875  65.730078 11.388
 93    11.537 55464.32529953 29.51  52.205745  65.726988 11.388
