# NaN NaN NaN ;Mean Elev.(m), Avg Gradient(m/km), RMS Gradient(m/km) - SRTM1     
#   19.865   0.015  14.906 ;Mean Elev.(m), Avg Gradient(m/km), RMS Gradient(m/km) - ASTER GDEM
#    5.867  -0.134   2.590 ;Mean Elev.(m), Avg Gradient(m/km), RMS Gradient(m/km) - GMTED2010 
  7     2.756 52471.71221633 19.16  52.313591  67.648204 30.576
  7     0.577 52471.71221698 27.01  52.309971  67.651254 30.576
  9     1.310 52541.71217496 50.80  52.312105  67.642731 24.219
  9     1.196 52541.71217561 51.56  52.308485  67.645791 24.219
  9     1.366 52541.71217625 51.38  52.304855  67.648841 24.219
 10     0.524 52576.71222422 32.97  52.312793  67.644622 12.891
 10     0.314 52576.71222487 37.77  52.309173  67.647672 12.891
 10     0.365 52576.71222551 33.01  52.305553  67.650732 12.891
 11     1.276 52611.71218785 16.98  52.319045  67.649746  2.813
 11     1.173 52611.71218849 16.88  52.315425  67.652796  2.813
 12     2.834 52646.71217306 11.96  52.314153  67.644687  2.176
 12     2.726 52646.71217371 11.12  52.310533  67.647747  2.176
 12     1.377 52646.71217435 10.91  52.306913  67.650797  2.176
 13    21.570 52681.71214438  9.48  52.327739  67.651246  2.286
 13    27.210 52681.71214503  9.27  52.324119  67.654306  2.286
 15     0.141 52751.71222718 19.82  52.315690  67.647569  6.146
 15     0.155 52751.71222783 20.94  52.312070  67.650619  6.146
 16     5.257 52786.71216979 33.05  52.308531  67.635977 16.751
 16     5.107 52786.71217043 33.59  52.304911  67.639027 16.751
 16     5.146 52786.71217108 32.54  52.301291  67.642087 16.751
 16     5.468 52786.71217172 31.04  52.297671  67.645137 16.751
 17     3.283 52821.71224372 22.12  52.309774  67.640337 16.082
 17     3.051 52821.71224437 20.88  52.306154  67.643397 16.082
 17     4.298 52821.71224501 18.80  52.302534  67.646447 16.082
 18     3.484 52856.71229176 21.25  52.312794  67.644806 12.902
 18     2.961 52856.71229240 21.91  52.309174  67.647866 12.902
 18     0.200 52856.71229305 30.10  52.305554  67.650916 12.902
 19     3.355 52891.71232402 19.28  52.314442  67.644486 19.442
 19     2.548 52891.71232466 20.43  52.310822  67.647546 19.442
 19     0.425 52891.71232531 23.22  52.307202  67.650596 19.442
 20     2.845 52926.71227708 20.12  52.325657  67.650937 15.336
 20     2.235 52926.71227772 20.29  52.322037  67.653997 15.336
 21     0.272 52961.71224430 26.96  52.314268  67.643719  4.989
 21     0.289 52961.71224494 26.42  52.310648  67.646769  4.989
 21     0.209 52961.71224559 29.50  52.307028  67.649829  4.989
 23    26.471 53031.71224672  7.52  52.324913  67.651488  2.491
 23    30.477 53031.71224737  7.15  52.321293  67.654538  2.491
 24    27.200 53066.71225535  8.41  52.314771  67.647641  2.660
 24    32.145 53066.71225600  7.77  52.311151  67.650691  2.660
 25    30.496 53101.71225249  7.72  52.324923  67.650455  2.265
 25    33.059 53101.71225314  6.88  52.321313  67.653515  2.265
 26     0.207 53136.71225751 12.93  52.314482  67.647156  3.355
 26    -0.155 53136.71225815 14.27  52.310852  67.650206  3.355
 27     5.961 53171.71230711 52.71  52.311522  67.645117 26.891
 27     5.971 53171.71230776 50.10  52.307912  67.648177 26.891
 28     1.781 53206.71232140 20.72  52.314355  67.648436 18.569
 28     0.381 53206.71232204 25.48  52.310735  67.651486 18.569
 30     3.334 53276.71225862 20.56  52.308677  67.637416 21.973
 30     3.267 53276.71225926 20.18  52.305057  67.640466 21.973
 30     2.899 53276.71225991 20.42  52.301437  67.643526 21.973
 30     2.433 53276.71226055 20.52  52.297807  67.646576 21.973
 31     0.339 53311.71229872 35.99  52.312293  67.645301 10.667
 31     0.386 53311.71229936 42.85  52.308673  67.648351 10.667
 32     0.982 53346.71226536 19.87  52.318260  67.650713  3.395
 32     0.176 53346.71226600 19.25  52.314640  67.653763  3.395
 34    21.935 53416.71224321 13.31  52.322209  67.648925  3.017
 34    23.247 53416.71224385 12.77  52.318599  67.651975  3.017
 35     0.876 53451.71223990 11.95  52.309553  67.636320  2.334
 35    -0.307 53451.71224054 12.37  52.305933  67.639370  2.334
 35    -0.692 53451.71224119 11.13  52.302313  67.642430  2.334
 35    21.419 53451.71224183 10.14  52.298683  67.645480  2.334
 36     3.562 53486.71232640  8.56  52.309512  67.642886  2.772
 36    22.424 53486.71232704  8.07  52.305892  67.645936  2.772
 36    26.932 53486.71232769  7.64  52.302272  67.648986  2.772
 37     5.508 53521.71231962 26.83  52.317356  67.649217  5.485
 37     5.267 53521.71232026 24.44  52.313736  67.652277  5.485
 38     3.290 53556.71234347 19.59  52.313660  67.645108 11.404
 38     1.964 53556.71234411 21.35  52.310040  67.648168 11.404
 38     0.757 53556.71234476 34.96  52.306420  67.651218 11.404
 39     0.049 53591.71228242 27.17  52.327221  67.654114 10.421
 39    -0.116 53591.71228307 25.71  52.323611  67.657174 10.421
 40     3.150 53626.71226785 22.60  52.306877  67.632701 20.128
 40     3.127 53626.71226850 21.73  52.303257  67.635751 20.128
 40     2.980 53626.71226914 22.07  52.299637  67.638801 20.128
 40     2.605 53626.71226979 22.14  52.296017  67.641861 20.128
 40     0.131 53626.71227043 30.28  52.292397  67.644911 20.128
 41     3.408 53661.71229496 17.95  52.313471  67.642686 11.758
 41     3.124 53661.71229560 18.72  52.309851  67.645746 11.758
 43    26.464 53731.71218682 12.12  52.329872  67.653091  2.303
 43    27.344 53731.71218747 11.83  52.326262  67.656141  2.303
 44     1.775 53766.71215946  8.97  52.314540  67.647924  2.455
 44    22.840 53766.71216011  8.78  52.310910  67.650974  2.455
 45    25.370 53801.71216102  6.83  52.327784  67.651185  2.191
 45    26.309 53801.71216167  6.75  52.324164  67.654235  2.191
 46     3.379 53836.71216808  1.92  52.309902  67.638643  1.720
 46     3.472 53836.71216873  1.01  52.306292  67.641693  1.720
 46     1.274 53836.71216937  2.68  52.302672  67.644753  1.720
 46     2.642 53836.71217002  0.25  52.299042  67.647803  1.720
 47     2.467 53871.71222381 30.22  52.314398  67.644780 23.144
 47     2.304 53871.71222446 26.54  52.310778  67.647840 23.144
 47     2.619 53871.71222510 35.79  52.307158  67.650890 23.144
 48     3.961 53906.71226315 52.03  52.311922  67.644431 31.264
 48     3.958 53906.71226379 51.42  52.308302  67.647481 31.264
 48     3.965 53906.71226444 50.12  52.304682  67.650541 31.264
 49     3.322 53941.71229133 21.66  52.309969  67.644221  9.159
 49     2.695 53941.71229197 21.58  52.306349  67.647271  9.159
 50     1.383 53976.71224675 20.56  52.322663  67.650633 13.061
 50     2.294 53976.71224739 18.17  52.319043  67.653693 13.061
 51     0.814 54011.71224870 21.33  52.308081  67.639525 14.130
 51     0.449 54011.71224935 23.62  52.304461  67.642575 14.130
 51     0.671 54011.71224999 21.81  52.300841  67.645635 14.130
 52     0.139 54046.71226296 17.85  52.317503  67.648813  3.294
 52     0.353 54046.71226360 17.51  52.313883  67.651873  3.294
 55    -0.211 54151.71220679 12.29  52.314364  67.647232  2.384
 55    21.747 54151.71220743 12.22  52.310744  67.650282  2.384
 56    50.379 54186.71218121  1.24  52.327930  67.651500  2.269
 56    51.229 54186.71218186  1.38  52.324320  67.654560  2.269
 57     1.063 54221.71221590 26.97  52.312438  67.643573 15.471
 57     0.856 54221.71221655 26.96  52.308818  67.646623 15.471
 57     1.046 54221.71221719 26.07  52.305198  67.649683 15.471
 58     4.315 54256.71223976 24.60  52.313910  67.649566 11.920
 58     4.552 54256.71224040 24.42  52.310290  67.652616 11.920
 59     2.882 54291.71224149 19.18  52.315808  67.649168 14.884
 59     2.753 54291.71224213 29.12  52.312188  67.652218 14.884
 60     1.290 54326.71223844 21.74  52.319773  67.649629 10.557
 60     0.194 54326.71223908 25.44  52.316153  67.652679 10.557
 62     3.379 54396.71217817 18.06  52.313705  67.648086 11.650
 62     0.923 54396.71217881 22.05  52.310085  67.651146 11.650
 64    26.035 54466.71215870 11.31  52.313445  67.644942  3.359
 64    27.843 54466.71215934 11.21  52.309825  67.648002  3.359
 64    30.302 54466.71215998 10.36  52.306205  67.651052  3.359
 65    28.517 54501.71215316 10.44  52.321890  67.650943  2.775
 65    30.129 54501.71215380 10.36  52.318270  67.653993  2.775
 66    26.819 54536.71217436  9.86  52.318433  67.648216  2.392
 66    28.536 54536.71217500  9.74  52.314813  67.651276  2.392
 67    28.356 54571.71215518  5.56  52.326749  67.651309  2.345
 67    30.057 54571.71215582  5.12  52.323129  67.654369  2.345
 68     0.688 54606.71216840 20.64  52.313200  67.648676 15.383
 68     0.636 54606.71216904 26.11  52.309570  67.651736 15.383
 69     3.971 54641.71217737 46.68  52.317703  67.649065 26.852
 69     3.978 54641.71217802 44.79  52.314083  67.652125 26.852
 70     1.215 54676.71217945 20.55  52.314274  67.648472 12.646
 70     0.622 54676.71218009 26.06  52.310654  67.651532 12.646
 72     2.339 54746.71214750 20.61  52.311754  67.647704 14.951
 72     0.559 54746.71214815 30.93  52.308134  67.650764 14.951
 73     1.533 54781.71211955 28.27  52.321483  67.648668 13.630
 73     1.609 54781.71212019 30.09  52.317863  67.651728 13.630
 74    21.760 54816.71214044 15.47  52.311504  67.647399  3.441
 74     0.472 54816.71214108 15.77  52.307884  67.650459  3.441
 75    21.530 54851.71211776 10.17  52.321753  67.650246  2.419
 75    24.045 54851.71211840  9.35  52.318133  67.653306  2.419
 76    21.780 54886.71214447  8.69  52.313533  67.647497  2.466
 76    22.027 54886.71214512  8.35  52.309913  67.650557  2.466
 77    22.604 54921.71211905  7.64  52.326453  67.653575  2.332
 77    30.154 54921.71211970  7.85  52.322833  67.656625  2.332
 78    27.437 54956.71214023  6.86  52.312891  67.644480  2.305
 78    28.181 54956.71214087  6.57  52.309271  67.647530  2.305
 78    29.601 54956.71214152  6.07  52.305651  67.650590  2.305
 79     4.993 54991.71216396 45.06  52.312297  67.648438 21.154
 79     5.008 54991.71216460 53.32  52.308677  67.651498 21.154
 80     0.449 55026.71215460 30.40  52.320197  67.649289  7.641
 80     0.208 55026.71215525 29.81  52.316577  67.652349  7.641
 81     3.374 55061.71214789 19.23  52.316621  67.649181 11.563
 81     2.624 55061.71214854 21.86  52.313001  67.652241 11.563
 82     2.908 55096.71209709 21.34  52.329098  67.652254  9.193
 82     0.260 55096.71209774 28.59  52.325478  67.655314  9.193
 83     0.682 55131.71209048 51.66  52.312636  67.647629 24.545
 83     0.565 55131.71209112 53.29  52.309006  67.650689 24.545
 84    -0.215 55166.71205898 24.23  52.322216  67.649882  4.559
 84    -0.183 55166.71205962 24.14  52.318596  67.652942  4.559
 86    22.324 55236.71206565 12.63  52.324146  67.650354  2.492
 86    23.586 55236.71206630 12.21  52.320526  67.653414  2.492
 87     0.287 55271.71207683 11.86  52.317656  67.647637  2.257
 87     1.136 55271.71207747 10.75  52.314036  67.650697  2.257
 88     2.310 55306.71204775  8.42  52.329553  67.651531  6.392
 88     2.575 55306.71204839 10.84  52.325933  67.654591  6.392
 90     1.967 55376.71204049 21.87  52.321721  67.649169  7.754
 90     2.890 55376.71204114 18.78  52.318101  67.652229  7.754
 91    -0.407 55411.71206336 24.31  52.314950  67.645717 11.256
 91     0.114 55411.71206400 24.58  52.311330  67.648767 11.256
 92     3.142 55446.71205598 21.09  52.317923  67.650380  8.043
 92     2.532 55446.71205662 23.06  52.314303  67.653440  8.043
