# NaN NaN NaN ;Mean Elev.(m), Avg Gradient(m/km), RMS Gradient(m/km) - SRTM1     
#   18.008  -0.480   2.712 ;Mean Elev.(m), Avg Gradient(m/km), RMS Gradient(m/km) - ASTER GDEM
#    4.428   1.240   3.250 ;Mean Elev.(m), Avg Gradient(m/km), RMS Gradient(m/km) - GMTED2010 
  8     2.324 52492.32903269 13.79  52.912188  67.667721 29.658
  8     2.364 52492.32903333 14.50  52.908558  67.664671 29.658
  8     2.581 52492.32903397 18.30  52.904938  67.661611 29.658
 10     2.402 52562.32906072 24.18  52.916434  67.667517 34.943
 10     1.450 52562.32906136 19.49  52.912804  67.664467 34.943
 12     1.617 52632.32902060 15.19  52.915629  67.666970  2.888
 12     1.125 52632.32902125 15.51  52.911999  67.663920  2.888
 13     0.354 52667.32903984 12.94  52.903735  67.667405  2.363
 13     0.220 52667.32904048 13.04  52.900105  67.664345  2.363
 13     0.337 52667.32904113 13.50  52.896485  67.661295  2.363
 14     0.330 52702.32901165 11.03  52.922683  67.664052  2.276
 14     1.443 52702.32901229 11.02  52.919053  67.661002  2.276
 15     1.134 52737.32905303  9.24  52.904003  67.669535  2.207
 15     1.334 52737.32905368  9.62  52.900383  67.666485  2.207
 15     0.210 52737.32905432  9.70  52.896753  67.663425  2.207
 15     1.499 52737.32905497  9.06  52.893133  67.660375  2.207
 16     4.091 52772.32902002 24.26  52.894505  67.668059 22.781
 16     0.178 52772.32902066 29.60  52.890875  67.665009 22.781
 16     0.306 52772.32902131 30.63  52.887255  67.661959 22.781
 16     0.651 52772.32902195 28.01  52.883635  67.658899 22.781
 17     2.784 52807.32907622 49.33  52.917049  67.667261 39.369
 17     2.737 52807.32907686 48.99  52.913419  67.664211 39.369
 18     2.117 52842.32913498 18.23  52.916038  67.666603 34.820
 18     2.480 52842.32913562 14.86  52.912418  67.663543 34.820
 19     2.133 52877.32917367 16.02  52.909201  67.666846 35.748
 19     2.234 52877.32917431 15.48  52.905581  67.663786 35.748
 20     2.189 52912.32913175 25.61  52.904328  67.669477 14.726
 20     2.518 52912.32913239 17.30  52.900708  67.666427 14.726
 20     3.206 52912.32913304 17.67  52.897078  67.663377 14.726
 20     3.513 52912.32913368 28.22  52.893458  67.660317 14.726
 21    -0.097 52947.32908913 39.56  52.926242  67.664038 10.211
 21    -0.319 52947.32908977 40.91  52.922612  67.660988 10.211
 23    -0.048 53017.32912042 13.60  52.899223  67.669763  2.533
 23    -0.774 53017.32912106 13.70  52.895593  67.666713  2.533
 23    -0.421 53017.32912171 13.71  52.891973  67.663663  2.533
 23     0.306 53017.32912235 12.43  52.888343  67.660603  2.533
 24     1.044 53052.32910016 12.29  52.919770  67.666025  2.248
 24     0.723 53052.32910080 11.63  52.916140  67.662975  2.248
 25     2.041 53087.32913727 11.56  52.889962  67.669546  1.923
 25     2.300 53087.32913792 11.11  52.886342  67.666496  1.923
 25     2.527 53087.32913921 10.43  52.879092  67.660386  1.923
 26     2.201 53122.32910742  7.32  52.911835  67.665195  2.073
 26     1.733 53122.32910806  7.31  52.908215  67.662145  2.073
 27     3.216 53157.32916343 24.92  52.904639  67.667249 35.223
 27     3.309 53157.32916408 25.66  52.901009  67.664189 35.223
 28     1.722 53192.32915619 46.61  52.909331  67.667145 38.298
 28     1.881 53192.32915684 48.11  52.905711  67.664085 38.298
 29     2.097 53227.32915656 19.50  52.905482  67.667702 21.727
 29     1.558 53227.32915721 14.78  52.901852  67.664652 21.727
 29     1.347 53227.32915785 19.49  52.898232  67.661592 21.727
 30     3.097 53262.32912966 14.32  52.891739  67.670685 14.347
 30     2.267 53262.32913030 15.66  52.888119  67.667635 14.347
 30     0.669 53262.32913159 19.73  52.880869  67.661525 14.347
 30     1.854 53262.32913224 17.63  52.877249  67.658475 14.347
 31     1.762 53297.32916629 22.33  52.905763  67.668644 26.973
 31     1.057 53297.32916693 22.08  52.902133  67.665594 26.973
 31     1.101 53297.32916758 23.41  52.898503  67.662544 26.973
 32    -0.102 53332.32913845 24.83  52.905581  67.667077  3.904
 32     0.044 53332.32913910 24.54  52.901951  67.664027  3.904
 33    -0.284 53367.32908303 18.89  52.898031  67.670679  2.774
 33    -0.122 53367.32908367 18.40  52.894411  67.667629  2.774
 33    -0.098 53367.32908432 18.51  52.890781  67.664569  2.774
 33    -0.039 53367.32908496 19.35  52.887161  67.661519  2.774
 33     0.522 53367.32908561 17.88  52.883541  67.658459  2.774
 34     0.807 53402.32911169 15.28  52.910720  67.666395  2.676
 34     0.633 53402.32911233 14.82  52.907100  67.663345  2.676
 35    -0.281 53437.32910089 14.13  52.897252  67.667922  2.317
 35    -0.174 53437.32910154 13.57  52.893632  67.664872  2.317
 35    -0.146 53437.32910218 13.64  52.890002  67.661822  2.317
 35     0.233 53437.32910283 12.71  52.886382  67.658762  2.317
 36     0.668 53472.32915412 10.62  52.909015  67.666264  1.864
 36     0.950 53472.32915476 10.36  52.905395  67.663214  1.864
 37     1.412 53507.32918331 37.08  52.902952  67.667138 29.566
 37     1.359 53507.32918396 37.64  52.899322  67.664088 29.566
 37     1.270 53507.32918460 35.30  52.895702  67.661038 29.566
 38     2.289 53542.32919039 23.89  52.903388  67.669456 26.250
 38     1.640 53542.32919104 21.95  52.899768  67.666406 26.250
 38     0.973 53542.32919168 22.96  52.896138  67.663356 26.250
 38     3.454 53542.32919233 27.43  52.892518  67.660296 26.250
 39     1.300 53577.32917765 15.99  52.895475  67.667783 27.491
 39     0.754 53577.32917829 17.03  52.891855  67.664733 27.491
 39     0.907 53577.32917894 19.38  52.888235  67.661683 27.491
 39     0.095 53577.32917958 31.04  52.884605  67.658623 27.491
 40     0.001 53612.32912976 18.64  52.890956  67.669771 24.271
 40     0.391 53612.32913040 22.74  52.887336  67.666711 24.271
 40     0.348 53612.32913169 22.99  52.880086  67.660611 24.271
 41     2.515 53647.32913467 16.77  52.915940  67.665565 26.116
 41     2.623 53647.32913532 25.22  52.912310  67.662515 26.116
 42     1.151 53682.32915046 23.68  52.896756  67.667896 22.561
 42     0.548 53682.32915111 26.05  52.893126  67.664846 22.561
 42     0.611 53682.32915175 27.99  52.889506  67.661796 22.561
 42     0.762 53682.32915239 31.23  52.885876  67.658736 22.561
 43     0.303 53717.32907777 23.89  52.898317  67.668029  4.717
 43     0.366 53717.32907841 24.96  52.894697  67.664969  4.717
 43     0.313 53717.32907906 25.43  52.891067  67.661919  4.717
 43     0.410 53717.32907970 24.12  52.887447  67.658869  4.717
 45     0.966 53787.32902752 11.36  52.905161  67.666898  2.094
 45     0.401 53787.32902817 11.46  52.901541  67.663848  2.094
 46     1.110 53822.32898138  9.07  52.928734  67.664976  2.213
 46     0.604 53822.32898202  8.98  52.925104  67.661916  2.213
 47    -0.118 53857.32907343 16.49  52.907617  67.666705 13.670
 47    -0.344 53857.32907407 16.74  52.903987  67.663645 13.670
 48     2.505 53892.32908692 22.06  52.912284  67.665535 27.172
 48     2.708 53892.32908756 28.16  52.908654  67.662485 27.172
 49     2.273 53927.32914668 17.36  52.899140  67.668906 21.407
 49     0.778 53927.32914732 17.82  52.895510  67.665846 21.407
 49     0.838 53927.32914797 17.49  52.891880  67.662796 21.407
 49     3.218 53927.32914861 23.23  52.888260  67.659746 21.407
 50     0.617 53962.32913050 23.07  52.894974  67.670817 34.332
 50     1.059 53962.32913115 22.37  52.891344  67.667767 34.332
 50     0.996 53962.32913179 25.92  52.887724  67.664707 34.332
 50     0.928 53962.32913244 26.78  52.884094  67.661657 34.332
 50     0.983 53962.32913308 22.59  52.880474  67.658607 34.332
 51     2.479 53997.32907530 23.48  52.929569  67.664700 23.000
 51     0.622 53997.32907595 30.38  52.925939  67.661650 23.000
 52     0.118 54032.32912633 34.11  52.916585  67.667145 11.042
 52     0.045 54032.32912697 39.95  52.912955  67.664095 11.042
 54     0.206 54102.32908060 18.47  52.895215  67.669985  3.906
 54     0.161 54102.32908125 20.20  52.891595  67.666935  3.906
 54     0.055 54102.32908189 20.14  52.887965  67.663885  3.906
 54     0.356 54102.32908254 20.08  52.884345  67.660825  3.906
 55     0.250 54137.32904879 12.98  52.912423  67.665562  2.260
 55     0.182 54137.32904944 13.03  52.908793  67.662502  2.260
 56    -0.000 54172.32905792 13.19  52.897390  67.668817  2.233
 56    -0.004 54172.32905857 13.19  52.893760  67.665767  2.233
 56     0.247 54172.32905921 13.19  52.890140  67.662717  2.233
 56     0.616 54172.32905986 12.86  52.886520  67.659657  2.233
 57     1.917 54207.32905440 17.47  52.912067  67.665181 18.267
 57     0.698 54207.32905504 19.65  52.908437  67.662131 18.267
 58     4.067 54242.32908647 41.50  52.906394  67.667092 42.654
 58     4.074 54242.32908711 42.70  52.902774  67.664042 42.654
 59     2.208 54277.32910064 30.59  52.905763  67.666410 34.964
 59     2.424 54277.32910129 41.43  52.902143  67.663360 34.964
 60    -4.003 54312.32910121 23.64  52.906277  67.667208 27.993
 60     2.179 54312.32910186 17.24  52.902657  67.664158 27.993
 61     2.373 54347.32907327 20.12  52.897423  67.670532 28.682
 61     1.498 54347.32907391 17.33  52.893803  67.667472 28.682
 61     0.809 54347.32907456 24.96  52.890173  67.664422 28.682
 61     0.645 54347.32907520 25.46  52.886553  67.661372 28.682
 61     0.811 54347.32907585 22.87  52.882933  67.658312 28.682
 62     2.200 54382.32903800 21.97  52.915230  67.668005 27.057
 62     2.470 54382.32903864 17.35  52.911610  67.664955 27.057
 62     2.836 54382.32903929 25.69  52.907980  67.661905 27.057
 63     1.180 54417.32902273 42.66  52.900275  67.669196 19.966
 63     1.029 54417.32902338 45.29  52.896655  67.666146 19.966
 63     1.117 54417.32902402 44.57  52.893025  67.663096 19.966
 63     1.204 54417.32902466 49.64  52.889405  67.660036 19.966
 64     0.588 54452.32900760 21.06  52.918383  67.666711  8.121
 64     0.814 54452.32900824 20.02  52.914753  67.663661  8.121
 65     0.866 54487.32901999 13.64  52.907245  67.668416  2.273
 65     1.201 54487.32902064 13.45  52.903615  67.665366  2.273
 65     0.605 54487.32902128 13.85  52.899995  67.662316  2.273
 66     1.315 54522.32902078 13.38  52.914271  67.667765  2.435
 66     0.564 54522.32902143 13.20  52.910641  67.664715  2.435
 66     0.994 54522.32902207 13.27  52.907011  67.661665  2.435
 67     3.936 54557.32903004 11.87  52.899813  67.670004 11.181
 67    -0.045 54557.32903068 12.85  52.896183  67.666954 11.181
 67     0.059 54557.32903132 15.95  52.892563  67.663894 11.181
 67    -0.060 54557.32903197 19.34  52.888943  67.660844 11.181
 68     1.939 54592.32901715  7.97  52.906534  67.666219  2.896
 68     1.744 54592.32901779  7.78  52.902904  67.663169  2.896
 69     4.117 54627.32903212 31.88  52.905725  67.669619 27.975
 69     3.907 54627.32903277 26.68  52.902105  67.666559 27.975
 69     3.877 54627.32903341 26.47  52.898475  67.663509 27.975
 70     2.374 54662.32903996 19.03  52.906358  67.668243 27.177
 70     2.089 54662.32904060 15.44  52.902738  67.665183 27.177
 70     0.801 54662.32904125 22.47  52.899108  67.662133 27.177
 71     2.108 54697.32901508 21.88  52.899939  67.669509 29.362
 71     1.665 54697.32901573 14.81  52.896309  67.666459 29.362
 71     0.802 54697.32901637 15.23  52.892689  67.663409 29.362
 71     2.957 54697.32901702 22.51  52.889069  67.660349 29.362
 72     2.307 54732.32899688 15.38  52.912425  67.665111 22.214
 72     2.581 54732.32899752 20.12  52.908795  67.662061 22.214
 73     2.602 54767.32899431 19.36  52.907425  67.669353 23.149
 73     1.974 54767.32899496 18.47  52.903795  67.666303 23.149
 73     2.375 54767.32899560 17.32  52.900175  67.663243 23.149
 74     0.077 54802.32899032 19.90  52.915492  67.667808  3.118
 74     0.216 54802.32899097 19.80  52.911862  67.664758  3.118
 74     0.064 54802.32899161 20.73  52.908232  67.661708  3.118
 75     1.212 54837.32898687 12.44  52.907411  67.669134  1.980
 75     1.123 54837.32898751 12.37  52.903781  67.666084  1.980
 75     0.745 54837.32898816 12.72  52.900161  67.663024  1.980
 76     1.221 54872.32898950 11.94  52.912835  67.665986  2.090
 76     0.441 54872.32899014 11.98  52.909205  67.662936  2.090
 77     0.144 54907.32899501 10.28  52.893349  67.668834  1.917
 77     0.549 54907.32899566 10.23  52.889729  67.665774  1.917
 77     0.519 54907.32899630 10.10  52.886109  67.662724  1.917
 77     0.977 54907.32899695 10.06  52.882479  67.659674  1.917
 78     2.880 54942.32898218  8.64  52.911800  67.666395  1.973
 78     2.158 54942.32898282  8.66  52.908170  67.663345  1.973
 79     2.251 54977.32900999 25.10  52.904490  67.666750 28.867
 79     2.213 54977.32901063 31.08  52.900860  67.663700 28.867
 80     2.177 55012.32901799 21.22  52.901975  67.666832 33.268
 80     2.469 55012.32901863 21.25  52.898355  67.663772 33.268
 80     2.715 55012.32901927 23.15  52.894725  67.660722 33.268
 81     2.096 55047.32900990 16.93  52.907291  67.667068 29.454
 81     2.063 55047.32901054 16.14  52.903671  67.664008 29.454
 82     1.043 55082.32898131 19.31  52.895263  67.669786 23.612
 82     0.707 55082.32898196 18.07  52.891633  67.666736 23.612
 82     0.403 55082.32898260 19.26  52.888013  67.663686 23.612
 82    -0.052 55082.32898325 26.17  52.884393  67.660626 23.612
 83     1.848 55117.32894162 22.20  52.914905  67.667424 30.867
 83     2.469 55117.32894227 16.37  52.911285  67.664364 30.867
 84    -0.193 55152.32893928 29.89  52.904010  67.669549 10.737
 84    -0.143 55152.32893993 32.31  52.900390  67.666499 10.737
 84    -0.163 55152.32894057 32.43  52.896760  67.663449 10.737
 84     0.020 55152.32894122 33.11  52.893140  67.660389 10.737
 85     1.037 55187.32892865 18.34  52.914630  67.667194  3.467
 85    -0.112 55187.32892929 18.60  52.911000  67.664144  3.467
 86     0.259 55222.32893841 15.25  52.901682  67.667297  2.446
 86    -0.018 55222.32893905 15.21  52.898062  67.664237  2.446
 86     0.162 55222.32893970 15.24  52.894432  67.661187  2.446
 87    -0.389 55257.32892521 14.25  52.909353  67.665739  2.303
 87    -0.044 55257.32892586 13.96  52.905723  67.662689  2.303
 88    -0.280 55292.32892634 12.71  52.894692  67.668391  2.153
 88     0.381 55292.32892699 12.71  52.891062  67.665341  2.153
 88     0.609 55292.32892763 12.47  52.887442  67.662281  2.153
 88     0.468 55292.32892828 12.48  52.883822  67.659231  2.153
 89     2.372 55327.32890897 31.97  52.904149  67.666843 34.247
 89     2.400 55327.32890961 32.50  52.900529  67.663783 34.247
 90     2.219 55362.32890510 16.24  52.899981  67.667573 29.338
 90     1.727 55362.32890574 19.32  52.896361  67.664513 29.338
 90     1.642 55362.32890639 20.65  52.892731  67.661463 29.338
 91     0.024 55397.32891268 29.33  52.912199  67.665974 26.546
 91     0.009 55397.32891332 30.27  52.908569  67.662924 26.546
 92    -1.672 55432.32892024 24.66  52.906668  67.666664 28.076
 92     0.527 55432.32892088 19.17  52.903038  67.663614 28.076
 93     3.828 55467.32887908 14.83  52.894239  67.670227 22.351
 93     1.999 55467.32887972 16.38  52.890609  67.667177 22.351
 93     0.937 55467.32888037 17.89  52.886989  67.664127 22.351
 93     0.703 55467.32888101 23.20  52.883369  67.661067 22.351
 93     1.509 55467.32888166 20.49  52.879749  67.658017 22.351
