# NaN NaN NaN ;Mean Elev.(m), Avg Gradient(m/km), RMS Gradient(m/km) - SRTM1     
#  -10.038  -1.384   6.165 ;Mean Elev.(m), Avg Gradient(m/km), RMS Gradient(m/km) - ASTER GDEM
#   27.772   0.193   0.562 ;Mean Elev.(m), Avg Gradient(m/km), RMS Gradient(m/km) - GMTED2010 
  7  52.380256  65.893982    12.851    12.839  7 52454.32545094 42.124
  8  52.392661  65.900047     9.093     9.026  7 52489.32542669 30.747
  9  52.372470  65.892209    11.526    11.136  5 52524.32540513 18.113
 10  52.397842  65.902103     9.366     9.360  4 52559.32545220 22.435
 11  52.378144  65.894139    10.867    10.863  6 52594.32545778 34.004
 13  52.383763  65.894658     9.775     9.526  7 52664.32541920 15.136
 15  52.394657  65.900304    34.606    34.633  5 52734.32541921  8.830
 16  52.364344  65.888564    12.816    12.513  5 52769.32541778 27.802
 19  52.397733  65.899976     8.704     8.704  2 52874.32554560 47.387
 23  52.376905  65.893624    10.447    10.410  6 53014.32551026 13.165
 25  52.368887  65.890312    14.025    13.971  5 53084.32551910 12.308
 26  52.398649  65.900789     8.151     8.157  3 53119.32548650  9.371
 27  52.386148  65.895803    16.180    16.257  7 53154.32553946 27.989
 28  52.399224  65.899298    12.536    12.536  2 53189.32552791 29.039
 29  52.385289  65.895864     8.292     8.243  7 53224.32554230 45.990
 30  52.365996  65.890203     9.179     9.166  5 53259.32551890 27.604
 31  52.393656  65.900462     9.857     9.885  6 53294.32554162 25.279
 32  52.389291  65.896983     9.525     9.500  8 53329.32551569 34.601
 33  52.379660  65.894192     9.404     9.221  7 53364.32546768 20.002
 34  52.398422  65.900492    10.763    10.322  3 53399.32548987 13.045
 35  52.379457  65.894060    11.787    11.698  6 53434.32548200 12.678
 37  52.381259  65.894651    12.094    12.124  6 53504.32556773 40.463
 38  52.386221  65.897006    10.907    11.056  7 53539.32556547 22.527
 39  52.375880  65.893694     9.052     9.050  6 53574.32556366 39.230
 40  52.363829  65.888080     8.963     8.932  5 53609.32551512 27.526
 42  52.378547  65.894660    10.883    10.820  6 53679.32553381 23.485
 43  52.377912  65.893200     8.378     8.388  6 53714.32546232 47.547
 45  52.393613  65.900720     9.700     9.530  7 53784.32540624 14.072
 46  52.366546  65.889837    11.826    11.646  6 53819.32536984 14.907
 47  52.397699  65.901824     7.847     7.897  4 53854.32544737 17.458
 49  52.379246  65.894464     9.658     9.666  6 53924.32552469 26.536
 50  52.370233  65.891706    11.661    11.731  5 53959.32551599 20.427
 53  52.391273  65.898721    10.773    10.763  7 54064.32549860 27.309
 54  52.373394  65.892743     9.625     9.635  6 54099.32546636 18.409
 58  52.394462  65.900122    14.343    14.343  5 54239.32546113 52.054
 59  52.390013  65.897808    14.069    14.033  8 54274.32547879 24.180
 60  52.395724  65.900983    10.112    10.187  5 54309.32547979 36.536
 61  52.375477  65.893464    10.431    10.428  6 54344.32545862 45.916
 62  52.400210  65.900214    10.534    10.534  2 54379.32541569 27.367
 63  52.384896  65.896615    10.317    10.317  7 54414.32540600 38.440
 65  52.395710  65.900548     9.116     8.925  4 54484.32539934 27.424
 67  52.375844  65.892634     8.129     8.119  6 54554.32541291 21.681
 68  52.397587  65.901032     8.847     8.884  4 54589.32539198 25.263
 69  52.386417  65.896731    16.227    16.250  7 54624.32541040 28.960
 70  52.387429  65.896495    10.310    10.322  7 54659.32541905 50.710
 71  52.381557  65.894634     8.690     8.668  7 54694.32539953 50.544
 73  52.390540  65.898550    10.405    10.305  8 54764.32537680 22.247
 75  52.387033  65.896679    10.164    10.140  7 54834.32536789 16.205
 77  52.371850  65.891727    10.641    10.704  6 54904.32537860 13.668
 78  52.399152  65.900110    11.912    11.912  2 54939.32535390  9.000
 79  52.395047  65.900492    13.142    13.131  5 54974.32538463 43.066
 80  52.381916  65.894194    14.198    14.460  7 55009.32539971 26.063
 81  52.394552  65.900459     8.952     8.946  5 55044.32538820 39.069
 82  52.375066  65.891955     8.834     8.722  6 55079.32536672 25.244
 83  52.397769  65.899114    10.302    10.302  2 55114.32532078 18.216
 84  52.386413  65.896287     9.526     9.529  8 55149.32532171 46.399
 86  52.381584  65.894269    11.060    10.962  7 55219.32532003 13.913
 88  52.371886  65.891320    13.525    13.707  6 55289.32531041  7.368
 89  52.388215  65.897573    15.336    15.315  7 55324.32528711 52.346
 90  52.383462  65.894828    13.041    13.031  7 55359.32528597 26.643
 91  52.398207  65.900047     9.794     9.640  3 55394.32528881 26.319
 92  52.395536  65.900939     9.461     9.616  5 55429.32530011 24.881
 93  52.374245  65.892407    10.360    10.370  6 55464.32526504 23.141
