# NaN NaN NaN ;Mean Elev.(m), Avg Gradient(m/km), RMS Gradient(m/km) - SRTM1     
#    4.039  -0.653   4.228 ;Mean Elev.(m), Avg Gradient(m/km), RMS Gradient(m/km) - ASTER GDEM
#   41.608  -0.352   3.476 ;Mean Elev.(m), Avg Gradient(m/km), RMS Gradient(m/km) - GMTED2010 
  7    20.008 52471.71179665 33.81  54.498431  65.646404 13.087
  7    19.237 52471.71179729 39.33  54.495311  65.649504 13.087
  9    20.919 52541.71175593 51.61  54.494445  65.644234 28.038
  9    20.889 52541.71175657 51.37  54.491335  65.647324 28.038
 10    19.084 52576.71180518 49.44  54.494280  65.645976 25.895
 10    19.029 52576.71180583 50.90  54.491170  65.649076 25.895
 11    20.338 52611.71176816 23.96  54.503600  65.647941  6.834
 11    20.195 52611.71176881 22.15  54.500490  65.651041  6.834
 12    21.249 52646.71175402 17.49  54.495948  65.646092  4.763
 12    22.193 52646.71175467 16.51  54.492838  65.649192  4.763
 13    21.505 52681.71172470 13.29  54.512542  65.649446  4.065
 13    21.158 52681.71172534 13.49  54.509422  65.652536  4.065
 15    34.078 52751.71180750 12.19  54.499556  65.645673  4.734
 15    34.570 52751.71180814 12.76  54.496446  65.648773  4.734
 16    38.444 52786.71175204 23.68  54.483924  65.643591 21.187
 16    38.321 52786.71175268 23.75  54.480804  65.646691 21.187
 17    23.002 52821.71182533 51.00  54.488509  65.644852 32.238
 17    23.018 52821.71182597 52.13  54.485389  65.647952 32.238
 18    20.917 52856.71187272 23.71  54.494920  65.646218 22.394
 18    35.952 52856.71187336 21.56  54.491810  65.649318 22.394
 19    19.793 52891.71190498 44.47  54.495842  65.645795 22.463
 19    19.690 52891.71190563 45.41  54.492722  65.648895 22.463
 20    20.810 52926.71185739 51.50  54.509690  65.649005 28.300
 20    20.764 52926.71185804 51.70  54.506580  65.652105 28.300
 21    18.979 52961.71182526 40.77  54.496628  65.645222 14.118
 21    18.938 52961.71182590 41.65  54.493508  65.648322 14.118
 22    20.849 52996.71186628 14.62  54.497647  65.644685  6.314
 22    19.887 52996.71186693 15.60  54.494527  65.647785  6.314
 22    20.766 52996.71186757 14.17  54.491417  65.650875  6.314
 23    21.058 53031.71182704 15.70  54.509113  65.649571  6.021
 23    20.884 53031.71182768 14.89  54.506003  65.652661  6.021
 24    18.347 53066.71183567 17.26  54.500035  65.645968  4.969
 24    19.703 53066.71183631 16.68  54.496925  65.649068  4.969
 25    25.972 53101.71183281 11.39  54.508823  65.648537  1.994
 25    26.041 53101.71183346 10.83  54.505713  65.651627  1.994
 26    20.410 53136.71183783 16.46  54.499910  65.645458  8.190
 26    20.557 53136.71183847 16.14  54.496800  65.648558  8.190
 26    36.511 53136.71183912 14.55  54.493680  65.651648  8.190
 27    24.803 53171.71188743 30.35  54.496483  65.643369 24.649
 27    24.705 53171.71188808 31.34  54.493363  65.646459 24.649
 27    36.722 53171.71188872 29.98  54.490253  65.649559 24.649
 28    18.171 53206.71190171 35.18  54.499289  65.646657 25.303
 28    18.394 53206.71190236 45.23  54.496169  65.649757 25.303
 29    21.584 53241.71186936 18.25  54.509514  65.648012 25.318
 29    21.422 53241.71187001 16.31  54.506394  65.651112 25.318
 30    21.132 53276.71184022 19.60  54.487424  65.641990 23.859
 30    22.852 53276.71184087 18.23  54.484314  65.645080 23.859
 31    18.937 53311.71187903 35.77  54.497107  65.643565 17.812
 31    18.959 53311.71187968 34.64  54.493987  65.646655 17.812
 31    18.999 53311.71188032 31.21  54.490877  65.649755 17.812
 32    20.487 53346.71184503 22.23  54.506345  65.645854  6.534
 32    19.949 53346.71184567 21.79  54.503235  65.648944  6.534
 32    19.411 53346.71184632 21.94  54.500115  65.652044  6.534
 33    20.387 53381.71180525 16.63  54.489282  65.643552  5.627
 33    20.091 53381.71180589 16.02  54.486162  65.646652  5.627
 34    21.235 53416.71182353 15.00  54.507217  65.647184  4.641
 34    20.572 53416.71182417 14.59  54.504097  65.650274  4.641
 34    21.425 53416.71182481 13.83  54.500987  65.653374  4.641
 35    22.618 53451.71182215 12.16  54.485136  65.644018  3.833
 35    23.455 53451.71182279 12.63  54.482016  65.647108  3.833
 36    29.763 53486.71190736  5.99  54.490881  65.644212  4.390
 36    30.759 53486.71190800  5.51  54.487761  65.647312  4.390
 37    36.522 53521.71189993 21.32  54.502486  65.647409 28.105
 37    40.360 53521.71190058 22.72  54.499366  65.650499 28.105
 38    21.068 53556.71192443 18.42  54.494878  65.646354 21.878
 38    36.205 53556.71192507 17.49  54.491758  65.649454 21.878
 39    18.674 53591.71186209 39.62  54.515303  65.649201 24.766
 39    18.592 53591.71186274 48.26  54.512193  65.652301 24.766
 39    18.535 53591.71186338 48.63  54.509073  65.655391 24.766
 40    21.351 53626.71185010 22.03  54.481764  65.640301 25.715
 40    21.091 53626.71185075 20.95  54.478654  65.643391 25.715
 41    21.658 53661.71187592 17.16  54.494934  65.644059 22.816
 41    36.112 53661.71187657 17.65  54.491814  65.647149 22.816
 41    36.344 53661.71187721 19.36  54.488704  65.650249 22.816
 42    21.208 53696.71184365 39.04  54.508180  65.645790 25.589
 42    21.119 53696.71184429 43.65  54.505070  65.648880 25.589
 42    21.203 53696.71184494 45.80  54.501950  65.651980 25.589
 43    21.385 53731.71176714 14.49  54.514208  65.651190  7.038
 43    20.820 53731.71176778 15.72  54.511098  65.654290  7.038
 44    20.832 53766.71173978 13.64  54.500116  65.646292  3.331
 44    20.231 53766.71174042 13.79  54.497006  65.649392  3.331
 45    21.396 53801.71174134 12.57  54.512197  65.649326  3.765
 45    21.145 53801.71174198 12.51  54.509087  65.652426  3.765
 46    22.559 53836.71174968  9.74  54.488606  65.643177  3.874
 46    23.077 53836.71175033  8.81  54.485496  65.646267  3.874
 47    20.942 53871.71180477 48.20  54.496137  65.646142 28.560
 47    21.119 53871.71180542 47.75  54.493027  65.649242 28.560
 48    23.150 53906.71184411 20.30  54.493562  65.645755 27.952
 48    36.423 53906.71184476 21.75  54.490452  65.648855 27.952
 49    20.006 53941.71187229 28.52  54.491269  65.645460 23.881
 49    18.635 53941.71187293 36.16  54.488149  65.648550 23.881
 50    21.725 53976.71182706 22.04  54.506952  65.648733 22.823
 50    18.890 53976.71182771 21.95  54.503842  65.651823 22.823
 51    20.297 54011.71183031 32.78  54.487142  65.644078 20.755
 51    20.234 54011.71183095 32.15  54.484032  65.647168 20.755
 52    21.514 54046.71184327 43.17  54.502926  65.647137 16.238
 52    21.414 54046.71184391 46.02  54.499806  65.650227 16.238
 54    21.027 54116.71176886 20.74  54.514521  65.649749  5.652
 54    20.462 54116.71176951 20.06  54.511411  65.652839  5.652
 55    19.862 54151.71178710 15.90  54.499309  65.645464  4.302
 55    19.091 54151.71178775 16.92  54.496199  65.648564  4.302
 55    18.996 54151.71178839 15.97  54.493079  65.651654  4.302
 56    24.549 54186.71176153  9.28  54.512003  65.649619  2.732
 56    25.205 54186.71176217  8.68  54.508893  65.652709  2.732
 57    23.213 54221.71179686 29.77  54.494190  65.644958 25.956
 57    23.257 54221.71179751 29.86  54.491070  65.648048 25.956
 58    26.047 54256.71181943 40.21  54.502281  65.644670 33.266
 58    26.077 54256.71182007 40.19  54.499161  65.647760 33.266
 58    26.110 54256.71182072 44.79  54.496051  65.650860 33.266
 59    20.644 54291.71182180 34.46  54.500997  65.647420 20.209
 59    20.715 54291.71182245 41.05  54.497877  65.650520 20.209
 60    19.207 54326.71181875 28.88  54.504652  65.647842 19.002
 60    19.141 54326.71181940 31.71  54.501532  65.650942 19.002
 63    20.783 54431.71171929 24.64  54.511070  65.648614  6.448
 63    20.193 54431.71171993 25.64  54.507960  65.651704  6.448
 64    19.984 54466.71173965 18.42  54.495497  65.646362  5.802
 64    22.925 54466.71174030 17.76  54.492387  65.649452  5.802
 65    20.978 54501.71173347 15.25  54.506567  65.649139  6.956
 65    20.314 54501.71173412 15.22  54.503447  65.652239  6.956
 66    21.362 54536.71175468 14.31  54.503292  65.646482  3.631
 66    22.097 54536.71175532 14.07  54.500172  65.649582  3.631
 66    23.170 54536.71175596 13.85  54.497062  65.652672  3.631
 67    21.493 54571.71173549 10.96  54.511057  65.649391  3.284
 67    21.218 54571.71173614 11.50  54.507947  65.652491  3.284
 69    25.932 54641.71175769 35.19  54.502522  65.647286 34.416
 69    25.834 54641.71175833 34.10  54.499402  65.650386 34.416
 70    18.536 54676.71175976 30.85  54.499298  65.646716 26.940
 70    18.752 54676.71176041 36.90  54.496188  65.649816 26.940
 73    20.718 54781.71169986 28.80  54.506049  65.646933 22.771
 73    20.762 54781.71170051 35.11  54.502929  65.650033 22.771
 73    20.669 54781.71170115 41.80  54.499819  65.653123 22.771
 74    20.207 54816.71172075 24.28  54.496818  65.645729  9.581
 74    20.123 54816.71172140 22.41  54.493708  65.648819  9.581
 75    21.236 54851.71169807 12.92  54.506420  65.648413  3.664
 75    22.082 54851.71169872 12.59  54.503300  65.651513  3.664
 76    22.095 54886.71172479 14.47  54.498515  65.645814  3.715
 76    21.586 54886.71172543 15.00  54.495405  65.648914  3.715
 77    25.161 54921.71169872 11.60  54.513719  65.648567  2.387
 77    25.478 54921.71169937 11.49  54.510609  65.651667  2.387
 77    25.114 54921.71170001 11.98  54.507499  65.654757  2.387
 78    35.404 54956.71172119  5.90  54.494739  65.645797  3.900
 78    36.405 54956.71172184  5.84  54.491629  65.648897  3.900
 79    35.760 54991.71174428 22.75  54.497391  65.646667 28.969
 79    36.622 54991.71174492 22.54  54.494281  65.649767 28.969
 80    20.469 55026.71173492 44.97  54.504914  65.647498 21.966
 80    20.479 55026.71173557 37.70  54.501794  65.650598 21.966
 81    22.320 55061.71172821 17.32  54.501657  65.647381 27.208
 81    20.674 55061.71172885 17.57  54.498547  65.650481 27.208
 82    18.966 55096.71167741 38.85  54.513107  65.650275 22.017
 82    19.104 55096.71167805 41.26  54.509997  65.653375 22.017
 83    19.136 55131.71167079 54.71  54.497781  65.645976 25.771
 83    19.275 55131.71167144 47.74  54.494671  65.649066 25.771
 84    20.718 55166.71163929 22.20  54.506843  65.648090 13.545
 84    19.794 55166.71163994 23.14  54.503723  65.651190 13.545
 85    19.929 55201.71166313 14.80  54.496809  65.646229  4.573
 85    19.405 55201.71166378 14.86  54.493699  65.649329  4.573
 86    20.614 55236.71164597 14.73  54.508441  65.648522  4.661
 86    20.036 55236.71164661 16.20  54.505331  65.651622  4.661
 87    20.158 55271.71165714 16.83  54.502385  65.645907  5.410
 87    19.076 55271.71165779 19.09  54.499265  65.649007  5.410
 87    18.546 55271.71165843 18.83  54.496155  65.652097  5.410
 89    24.732 55341.71162719 28.66  54.503242  65.644554 29.375
 89    24.592 55341.71162783 26.65  54.500122  65.647644 29.375
 89    24.516 55341.71162848 23.40  54.497012  65.650744 29.375
 90    21.501 55376.71162081 20.26  54.506280  65.647363 24.313
 90    35.818 55376.71162146 18.92  54.503160  65.650463 24.313
 91    20.740 55411.71164368 24.28  54.499948  65.643985 26.479
 91    20.592 55411.71164432 20.99  54.496838  65.647075 26.479
 91    19.862 55411.71164496 20.28  54.493728  65.650175 26.479
 92    21.139 55446.71163565 21.01  54.506086  65.645478 25.329
 92    35.520 55446.71163629 19.55  54.502966  65.648568 25.329
