# NaN NaN NaN ;Mean Elev.(m), Avg Gradient(m/km), RMS Gradient(m/km) - SRTM1     
#   22.810  -0.213   2.104 ;Mean Elev.(m), Avg Gradient(m/km), RMS Gradient(m/km) - ASTER GDEM
#    5.627   0.417   3.366 ;Mean Elev.(m), Avg Gradient(m/km), RMS Gradient(m/km) - GMTED2010 
  9     3.194 52522.71020214 25.05  52.885739  67.780918 37.578
  9     2.761 52522.71020279 22.61  52.882079  67.783968 37.578
 10     0.462 52557.71025187 28.59  52.871763  67.773817 32.864
 10     0.580 52557.71025251 48.84  52.868103  67.776867 32.864
 10     0.595 52557.71025316 53.18  52.864443  67.779927 32.864
 11     0.198 52592.71024925 38.58  52.877854  67.776131  7.738
 11     0.122 52592.71024989 30.87  52.874194  67.779181  7.738
 11     0.061 52592.71025054 27.14  52.870534  67.782231  7.738
 12     1.462 52627.71016857 15.44  52.877557  67.772607  3.113
 12     1.220 52627.71016922 15.34  52.873907  67.775657  3.113
 12     0.992 52627.71016986 15.33  52.870247  67.778707  3.113
 12     1.441 52627.71017051 14.68  52.866587  67.781757  3.113
 13     1.421 52662.71021201 11.29  52.880724  67.776746  2.269
 13     0.993 52662.71021265 10.88  52.877074  67.779796  2.269
 13     0.906 52662.71021329 10.84  52.873414  67.782846  2.269
 14     1.463 52697.71018790 10.44  52.871874  67.772028  2.294
 14     0.154 52697.71018854 11.32  52.868214  67.775078  2.294
 14     0.731 52697.71018918 10.25  52.864554  67.778128  2.294
 17     3.377 52802.71023191 24.42  52.867811  67.772911 26.309
 17     3.354 52802.71023255 26.50  52.864151  67.775961 26.309
 17     3.520 52802.71023320 27.57  52.860491  67.779011 26.309
 18     3.816 52837.71029615 22.64  52.876838  67.772550 30.921
 18     3.504 52837.71029679 15.72  52.873178  67.775600 30.921
 18     2.414 52837.71029744 17.35  52.869518  67.778650 30.921
 19     0.445 52872.71033663 30.36  52.879180  67.774880 35.057
 19     1.756 52872.71033727 18.95  52.875520  67.777930 35.057
 19     2.652 52872.71033792 17.92  52.871870  67.780980 35.057
 20     3.372 52907.71032418 25.49  52.885559  67.779784 37.254
 20     3.136 52907.71032482 16.53  52.881899  67.782834 37.254
 21     0.593 52942.71024980 41.14  52.875186  67.772536 20.513
 21     0.571 52942.71025044 42.04  52.871526  67.775586 20.513
 21     0.571 52942.71025109 42.24  52.867866  67.778636 20.513
 23     0.484 53012.71030847 13.29  52.881389  67.777758  2.502
 23     0.263 53012.71030912 12.99  52.877729  67.780808  2.502
 24     0.625 53047.71027616 10.77  52.872455  67.773071  2.455
 24     0.519 53047.71027681 10.28  52.868805  67.776121  2.455
 24     1.358 53047.71027745  9.89  52.865145  67.779171  2.455
 25     3.321 53082.71031148  9.85  52.879579  67.776236  2.191
 25     3.841 53082.71031213  9.56  52.875919  67.779286  2.191
 25     4.190 53082.71031277  9.36  52.872259  67.782336  2.191
 27     3.423 53152.71033098 45.31  52.876869  67.772174 40.821
 27     3.310 53152.71033162 29.95  52.873209  67.775224 40.821
 27     3.186 53152.71033227 28.63  52.869559  67.778274 40.821
 27     3.258 53152.71033291 32.76  52.865899  67.781324 40.821
 28     3.197 53187.71031960 25.95  52.881819  67.779038 33.322
 28     2.979 53187.71032024 25.14  52.878159  67.782088 33.322
 32     0.351 53327.71030934 31.02  52.880079  67.780820  8.058
 32     0.325 53327.71030998 31.46  52.876419  67.783870  8.058
 34     0.789 53397.71028428 15.97  52.875682  67.772354  3.357
 34     0.897 53397.71028493 15.68  52.872022  67.775404  3.357
 34     1.166 53397.71028557 16.02  52.868362  67.778454  3.357
 36     0.140 53467.71031230 10.76  52.872537  67.771886  2.338
 36    -0.084 53467.71031295 10.58  52.868887  67.774936  2.338
 36     1.035 53467.71031359 10.07  52.865227  67.777986  2.338
 37    -0.161 53502.71036325 28.93  52.878813  67.774049 21.644
 37    -0.044 53502.71036389 28.10  52.875153  67.777099 21.644
 37    -0.050 53502.71036453 26.89  52.871503  67.780149 21.644
 39     2.967 53572.71036040 22.98  52.879638  67.777872 24.455
 39     2.852 53572.71036104 22.22  52.875978  67.780922 24.455
 40     3.360 53607.71030961 21.07  52.892085  67.780513 34.122
 40     2.655 53607.71031026 27.09  52.888425  67.783563 34.122
 41     3.641 53642.71030979 21.74  52.870570  67.771815 31.317
 41     3.543 53642.71031044 14.67  52.866920  67.774865 31.317
 41     2.625 53642.71031108 15.25  52.863260  67.777915 31.317
 42     1.874 53677.71032870 23.93  52.878982  67.774596 23.643
 42     1.758 53677.71032935 23.96  52.875322  67.777646 23.643
 42     1.982 53677.71032999 23.56  52.871672  67.780696 23.643
 45     0.621 53782.71020203 10.18  52.883437  67.779724  2.106
 45     1.283 53782.71020268  9.68  52.879777  67.782774  2.106
 47     2.064 53852.71024034  8.13  52.869304  67.773790  2.277
 47     2.021 53852.71024099  7.45  52.865644  67.776840  2.277
 47     2.251 53852.71024163  7.14  52.861984  67.779890  2.277
 48     3.302 53887.71024767 19.81  52.882349  67.780285 36.975
 48     2.966 53887.71024832 26.07  52.878689  67.783335 36.975
 49     3.737 53922.71031688 22.85  52.874139  67.771863 23.886
 49     3.327 53922.71031752 14.68  52.870489  67.774913 23.886
 49     2.578 53922.71031816 17.09  52.866829  67.777963 23.886
 49     3.018 53922.71031881 19.84  52.863169  67.781013 23.886
 50     1.689 53957.71031142 19.35  52.877829  67.776651 34.831
 50     2.997 53957.71031206 16.72  52.874169  67.779701 34.831
 51     2.976 53992.71023709 15.34  52.861682  67.775998 18.871
 51     2.645 53992.71023773 20.85  52.858022  67.779048 18.871
 52     0.670 54027.71029835 39.17  52.874880  67.772148 22.536
 52     0.607 54027.71029899 46.16  52.871220  67.775198 22.536
 52     0.575 54027.71029964 52.24  52.867560  67.778248 22.536
 53     1.202 54062.71029300 14.39  52.883842  67.780039  3.024
 53     1.620 54062.71029364 14.35  52.880182  67.783089  3.024
 54     1.564 54097.71026283 17.33  52.887964  67.781313  3.788
 54     0.406 54097.71026348 17.34  52.884304  67.784363  3.788
 57     1.010 54202.71021857 10.32  52.871637  67.773998  2.190
 57     1.948 54202.71021921  9.95  52.867977  67.777048  2.190
 57     1.776 54202.71021985  9.80  52.864317  67.780098  2.190
 58     2.644 54237.71025401 43.76  52.880722  67.774921 41.439
 58     2.644 54237.71025466 29.47  52.877062  67.777971 41.439
 58     2.485 54237.71025530 27.96  52.873402  67.781021 41.439
 59     3.336 54272.71027349 21.87  52.881028  67.778246 34.416
 59     3.005 54272.71027414 20.37  52.877368  67.781296 34.416
 60     1.933 54307.71027534 20.68  52.879017  67.776810 33.828
 60     3.249 54307.71027598 16.39  52.875357  67.779860 33.828
 60     2.768 54307.71027663 35.64  52.871707  67.782910 33.828
 62     0.663 54377.71021048 45.66  52.874745  67.775645 39.641
 62     0.669 54377.71021113 52.58  52.871095  67.778695 39.641
 62     0.645 54377.71021177 49.74  52.867435  67.781745 39.641
 64     0.410 54447.71017596 18.66  52.870836  67.774240  4.239
 64     0.588 54447.71017661 17.84  52.867176  67.777290  4.239
 64     0.513 54447.71017725 17.48  52.863526  67.780340  4.239
 66     0.841 54517.71018981 12.86  52.873214  67.774653  2.440
 66     1.477 54517.71019045 12.58  52.869554  67.777703  2.440
 66     1.343 54517.71019110 12.21  52.865904  67.780753  2.440
 67     3.409 54552.71020797  1.92  52.884784  67.781210  5.310
 67     3.875 54552.71020861  1.63  52.881124  67.784260  5.310
 68     2.693 54587.71018531  5.76  52.880139  67.773588  6.281
 68     2.701 54587.71018595  5.76  52.876479  67.776638  6.281
 68     3.161 54587.71018660  5.46  52.872829  67.779688  6.281
 69     4.647 54622.71020460 32.68  52.877802  67.780142 21.753
 69     4.799 54622.71020524 34.39  52.874152  67.783192 21.753
 70     1.132 54657.71021359 37.95  52.877216  67.778235 42.042
 70     1.128 54657.71021423 36.00  52.873556  67.781285 42.042
 72     3.835 54727.71016572 22.37  52.876630  67.772689 31.300
 72     1.968 54727.71016637 14.62  52.872970  67.775739 31.300
 72     2.472 54727.71016701 16.93  52.869310  67.778789 31.300
 73     2.129 54762.71017306 23.21  52.880534  67.776828 29.794
 73     3.370 54762.71017370 15.78  52.876874  67.779878 29.794
 73     2.263 54762.71017435 31.71  52.873224  67.782928 29.794
 74     0.338 54797.71015863 24.12  52.872399  67.770756  7.545
 74     0.536 54797.71015928 27.84  52.868739  67.773806  7.545
 74     0.396 54797.71015992 31.29  52.865079  67.776856  7.545
 74     0.377 54797.71016057 28.85  52.861419  67.779906  7.545
 76     0.566 54867.71015464 12.19  52.874904  67.771564  2.245
 76     1.286 54867.71015528 11.93  52.871244  67.774614  2.245
 76     1.545 54867.71015593 11.68  52.867584  67.777664  2.245
 76     1.401 54867.71015657 11.52  52.863924  67.780714  2.245
 77     1.779 54902.71017338  9.59  52.883936  67.780139  2.182
 77     1.057 54902.71017403  9.29  52.880286  67.783189  2.182
 78     2.619 54937.71014514  7.74  52.878818  67.772998  2.595
 78     2.774 54937.71014578  7.20  52.875158  67.776048  2.595
 78     2.753 54937.71014643  7.05  52.871506  67.779102  2.056
 79     2.047 54972.71017810 32.20  52.877830  67.776386 35.294
 79     1.771 54972.71017875 24.17  52.874170  67.779436 35.294
 79     1.913 54972.71017939 24.50  52.870510  67.782486 35.294
 80     3.417 55007.71019511 37.81  52.878232  67.779852 40.291
 80     3.345 55007.71019575 34.59  52.874572  67.782902 40.291
 81     2.711 55042.71018361 21.19  52.880128  67.776930 31.264
 81     3.129 55042.71018426 20.51  52.876468  67.779980 31.264
 81     2.810 55042.71018490 27.96  52.872808  67.783030 31.264
 83     3.947 55112.71011534 23.14  52.878588  67.772970 29.152
 83     1.962 55112.71011599 17.07  52.874928  67.776020 29.152
 83     2.657 55112.71011663 18.51  52.871278  67.779070 29.152
 84    -0.172 55147.71011760 35.15  52.877473  67.779094 10.439
 84    -0.170 55147.71011824 33.12  52.873813  67.782144 10.439
 85     1.062 55182.71009593 19.71  52.873270  67.771558  4.288
 85     1.052 55182.71009658 19.59  52.869610  67.774608  4.288
 85     1.149 55182.71009722 20.33  52.865950  67.777658  4.288
 85     1.274 55182.71009786 19.83  52.862290  67.780708  4.288
 86     0.434 55217.71011423 15.85  52.882289  67.778368  2.135
 86     0.951 55217.71011488 15.49  52.878629  67.781428  2.135
 87     0.057 55252.71009248 13.90  52.875053  67.774569  2.482
 87     0.123 55252.71009313 13.93  52.871403  67.777619  2.482
 87     0.012 55252.71009377 13.37  52.867743  67.780669  2.482
 88    -0.041 55287.71010577 11.63  52.885148  67.780942  2.246
 88     0.150 55287.71010641 11.34  52.881488  67.783992  2.246
 89     1.820 55322.71008154 28.57  52.878821  67.777390 33.846
 89     1.940 55322.71008218 24.01  52.875161  67.780440 33.846
 90     2.955 55357.71008110 21.78  52.877774  67.780276 32.852
 90     2.971 55357.71008174 33.43  52.874124  67.783326 32.852
 91     3.865 55392.71008241 21.56  52.877242  67.773233 17.085
 91     3.094 55392.71008306 15.67  52.873582  67.776273 17.085
 91     2.714 55392.71008370 17.54  52.869922  67.779333 17.085
 92     3.215 55427.71009686 19.76  52.879307  67.777651 31.134
 92     2.826 55427.71009750 20.89  52.875647  67.780701 31.134
